{
	"instance_setting" : 
	{
		"average_number_of_tasks_executed_by_yc_per_hour" : 18,
		"external_task_ratio" : 0.10000000000000001,
		"instance_id" : 11,
		"number_of_external_tasks" : 8,
		"number_of_internal_tasks" : 64,
		"number_of_tasks" : 72,
		"planning_window_length_in_hours" : 4.0
	},
	"offline_optimal" : 2681.2500000000073,
	"offline_solution_computation_time_in_seconds" : 1.5126569999999999,
	"offline_solution_task_sequence" : 
	[
		0,
		1,
		2,
		3,
		4,
		5,
		6,
		8,
		7,
		10,
		11,
		13,
		15,
		12,
		9,
		16,
		17,
		14,
		18,
		19,
		20,
		21,
		65,
		22,
		23,
		24,
		25,
		27,
		28,
		29,
		26,
		66,
		30,
		31,
		32,
		33,
		67,
		34,
		37,
		39,
		36,
		38,
		41,
		42,
		35,
		45,
		43,
		47,
		46,
		44,
		50,
		54,
		51,
		55,
		49,
		57,
		62,
		64,
		61,
		58,
		60,
		56,
		63,
		59,
		40,
		48,
		69,
		53,
		52,
		71,
		70,
		72,
		68
	],
	"tasks" : 
	[
		{
			"due_date" : 0.0,
			"id" : 0,
			"is_internal" : true,
			"processing_time" : 0.0,
			"release_time" : 0.0,
			"tardiness_weight" : 0.0
		},
		{
			"due_date" : 5.7300000000000004,
			"id" : 1,
			"is_internal" : true,
			"processing_time" : 2.8700000000000001,
			"release_time" : 2.3599999999999999,
			"tardiness_weight" : 3.0
		},
		{
			"due_date" : 11.69,
			"id" : 2,
			"is_internal" : true,
			"processing_time" : 3.6000000000000001,
			"release_time" : 7.7199999999999998,
			"tardiness_weight" : 3.0
		},
		{
			"due_date" : 20.420000000000002,
			"id" : 3,
			"is_internal" : true,
			"processing_time" : 3.04,
			"release_time" : 16.280000000000001,
			"tardiness_weight" : 3.0
		},
		{
			"due_date" : 22.039999999999999,
			"id" : 4,
			"is_internal" : true,
			"processing_time" : 2.2999999999999998,
			"release_time" : 16.18,
			"tardiness_weight" : 3.0
		},
		{
			"due_date" : 37.060000000000002,
			"id" : 5,
			"is_internal" : true,
			"processing_time" : 3.0299999999999998,
			"release_time" : 31.300000000000001,
			"tardiness_weight" : 4.0
		},
		{
			"due_date" : 42.119999999999997,
			"id" : 6,
			"is_internal" : true,
			"processing_time" : 2.6299999999999999,
			"release_time" : 37.210000000000001,
			"tardiness_weight" : 3.0
		},
		{
			"due_date" : 43.280000000000001,
			"id" : 7,
			"is_internal" : true,
			"processing_time" : 3.5299999999999998,
			"release_time" : 37.939999999999998,
			"tardiness_weight" : 4.0
		},
		{
			"due_date" : 43.759999999999998,
			"id" : 8,
			"is_internal" : true,
			"processing_time" : 3.7000000000000002,
			"release_time" : 38.560000000000002,
			"tardiness_weight" : 3.0
		},
		{
			"due_date" : 49.219999999999999,
			"id" : 9,
			"is_internal" : true,
			"processing_time" : 2.6200000000000001,
			"release_time" : 43.439999999999998,
			"tardiness_weight" : 3.0
		},
		{
			"due_date" : 49.600000000000001,
			"id" : 10,
			"is_internal" : true,
			"processing_time" : 3.6299999999999999,
			"release_time" : 44.810000000000002,
			"tardiness_weight" : 3.0
		},
		{
			"due_date" : 52.640000000000001,
			"id" : 11,
			"is_internal" : true,
			"processing_time" : 2.48,
			"release_time" : 47.109999999999999,
			"tardiness_weight" : 3.0
		},
		{
			"due_date" : 55.520000000000003,
			"id" : 12,
			"is_internal" : true,
			"processing_time" : 3.2200000000000002,
			"release_time" : 49.609999999999999,
			"tardiness_weight" : 3.0
		},
		{
			"due_date" : 56.090000000000003,
			"id" : 13,
			"is_internal" : true,
			"processing_time" : 2.1200000000000001,
			"release_time" : 52.020000000000003,
			"tardiness_weight" : 3.0
		},
		{
			"due_date" : 57.200000000000003,
			"id" : 14,
			"is_internal" : true,
			"processing_time" : 3.7799999999999998,
			"release_time" : 53.020000000000003,
			"tardiness_weight" : 3.0
		},
		{
			"due_date" : 57.719999999999999,
			"id" : 15,
			"is_internal" : true,
			"processing_time" : 2.5800000000000001,
			"release_time" : 54.850000000000001,
			"tardiness_weight" : 4.0
		},
		{
			"due_date" : 59.189999999999998,
			"id" : 16,
			"is_internal" : true,
			"processing_time" : 2.3199999999999998,
			"release_time" : 53.869999999999997,
			"tardiness_weight" : 3.0
		},
		{
			"due_date" : 66.730000000000004,
			"id" : 17,
			"is_internal" : true,
			"processing_time" : 3.1800000000000002,
			"release_time" : 60.859999999999999,
			"tardiness_weight" : 4.0
		},
		{
			"due_date" : 74.310000000000002,
			"id" : 18,
			"is_internal" : true,
			"processing_time" : 2.23,
			"release_time" : 69.299999999999997,
			"tardiness_weight" : 3.0
		},
		{
			"due_date" : 76.790000000000006,
			"id" : 19,
			"is_internal" : true,
			"processing_time" : 2.4500000000000002,
			"release_time" : 73.519999999999996,
			"tardiness_weight" : 3.0
		},
		{
			"due_date" : 78.060000000000002,
			"id" : 20,
			"is_internal" : true,
			"processing_time" : 2.9100000000000001,
			"release_time" : 72.890000000000001,
			"tardiness_weight" : 3.0
		},
		{
			"due_date" : 87.599999999999994,
			"id" : 21,
			"is_internal" : true,
			"processing_time" : 3.46,
			"release_time" : 83.069999999999993,
			"tardiness_weight" : 4.0
		},
		{
			"due_date" : 94.189999999999998,
			"id" : 22,
			"is_internal" : true,
			"processing_time" : 2.8399999999999999,
			"release_time" : 89.980000000000004,
			"tardiness_weight" : 4.0
		},
		{
			"due_date" : 102.25,
			"id" : 23,
			"is_internal" : true,
			"processing_time" : 3.6099999999999999,
			"release_time" : 97.019999999999996,
			"tardiness_weight" : 4.0
		},
		{
			"due_date" : 106.79000000000001,
			"id" : 24,
			"is_internal" : true,
			"processing_time" : 3.2799999999999998,
			"release_time" : 102.09999999999999,
			"tardiness_weight" : 4.0
		},
		{
			"due_date" : 110.06999999999999,
			"id" : 25,
			"is_internal" : true,
			"processing_time" : 2.5499999999999998,
			"release_time" : 105.48,
			"tardiness_weight" : 4.0
		},
		{
			"due_date" : 111.20999999999999,
			"id" : 26,
			"is_internal" : true,
			"processing_time" : 3.73,
			"release_time" : 105.91,
			"tardiness_weight" : 4.0
		},
		{
			"due_date" : 113.77,
			"id" : 27,
			"is_internal" : true,
			"processing_time" : 2.46,
			"release_time" : 109.67,
			"tardiness_weight" : 4.0
		},
		{
			"due_date" : 115.67,
			"id" : 28,
			"is_internal" : true,
			"processing_time" : 2.25,
			"release_time" : 111.53,
			"tardiness_weight" : 3.0
		},
		{
			"due_date" : 117.75,
			"id" : 29,
			"is_internal" : true,
			"processing_time" : 3.7599999999999998,
			"release_time" : 112.48,
			"tardiness_weight" : 3.0
		},
		{
			"due_date" : 133.13999999999999,
			"id" : 30,
			"is_internal" : true,
			"processing_time" : 3.48,
			"release_time" : 128.25999999999999,
			"tardiness_weight" : 3.0
		},
		{
			"due_date" : 144.78,
			"id" : 31,
			"is_internal" : true,
			"processing_time" : 2.1299999999999999,
			"release_time" : 140.06,
			"tardiness_weight" : 3.0
		},
		{
			"due_date" : 149.59999999999999,
			"id" : 32,
			"is_internal" : true,
			"processing_time" : 2.6499999999999999,
			"release_time" : 146.41999999999999,
			"tardiness_weight" : 3.0
		},
		{
			"due_date" : 150.97,
			"id" : 33,
			"is_internal" : true,
			"processing_time" : 2.4100000000000001,
			"release_time" : 146.11000000000001,
			"tardiness_weight" : 3.0
		},
		{
			"due_date" : 161.13999999999999,
			"id" : 34,
			"is_internal" : true,
			"processing_time" : 3.48,
			"release_time" : 155.77000000000001,
			"tardiness_weight" : 3.0
		},
		{
			"due_date" : 162.44999999999999,
			"id" : 35,
			"is_internal" : true,
			"processing_time" : 3.1800000000000002,
			"release_time" : 158.75,
			"tardiness_weight" : 3.0
		},
		{
			"due_date" : 163.74000000000001,
			"id" : 36,
			"is_internal" : true,
			"processing_time" : 2.7599999999999998,
			"release_time" : 159.56,
			"tardiness_weight" : 4.0
		},
		{
			"due_date" : 164.66999999999999,
			"id" : 37,
			"is_internal" : true,
			"processing_time" : 3.23,
			"release_time" : 159.84999999999999,
			"tardiness_weight" : 3.0
		},
		{
			"due_date" : 165.05000000000001,
			"id" : 38,
			"is_internal" : true,
			"processing_time" : 2.2400000000000002,
			"release_time" : 161.93000000000001,
			"tardiness_weight" : 3.0
		},
		{
			"due_date" : 169.47999999999999,
			"id" : 39,
			"is_internal" : true,
			"processing_time" : 3.5299999999999998,
			"release_time" : 164.09,
			"tardiness_weight" : 4.0
		},
		{
			"due_date" : 169.91999999999999,
			"id" : 40,
			"is_internal" : true,
			"processing_time" : 3.7799999999999998,
			"release_time" : 164.05000000000001,
			"tardiness_weight" : 3.0
		},
		{
			"due_date" : 171.38,
			"id" : 41,
			"is_internal" : true,
			"processing_time" : 3.8100000000000001,
			"release_time" : 166.53,
			"tardiness_weight" : 3.0
		},
		{
			"due_date" : 173.19,
			"id" : 42,
			"is_internal" : true,
			"processing_time" : 3.5299999999999998,
			"release_time" : 168.47,
			"tardiness_weight" : 4.0
		},
		{
			"due_date" : 173.93000000000001,
			"id" : 43,
			"is_internal" : true,
			"processing_time" : 2.1000000000000001,
			"release_time" : 168.09,
			"tardiness_weight" : 3.0
		},
		{
			"due_date" : 180.90000000000001,
			"id" : 44,
			"is_internal" : true,
			"processing_time" : 3.4199999999999999,
			"release_time" : 176.97,
			"tardiness_weight" : 3.0
		},
		{
			"due_date" : 182.19,
			"id" : 45,
			"is_internal" : true,
			"processing_time" : 2.0800000000000001,
			"release_time" : 179.59999999999999,
			"tardiness_weight" : 4.0
		},
		{
			"due_date" : 182.66,
			"id" : 46,
			"is_internal" : true,
			"processing_time" : 3.4900000000000002,
			"release_time" : 176.88,
			"tardiness_weight" : 4.0
		},
		{
			"due_date" : 183.66,
			"id" : 47,
			"is_internal" : true,
			"processing_time" : 3.3199999999999998,
			"release_time" : 178.41,
			"tardiness_weight" : 4.0
		},
		{
			"due_date" : 186.16,
			"id" : 48,
			"is_internal" : true,
			"processing_time" : 3.4500000000000002,
			"release_time" : 181.38999999999999,
			"tardiness_weight" : 3.0
		},
		{
			"due_date" : 195.55000000000001,
			"id" : 49,
			"is_internal" : true,
			"processing_time" : 3.8100000000000001,
			"release_time" : 189.72999999999999,
			"tardiness_weight" : 4.0
		},
		{
			"due_date" : 204.03999999999999,
			"id" : 50,
			"is_internal" : true,
			"processing_time" : 3.8199999999999998,
			"release_time" : 198.05000000000001,
			"tardiness_weight" : 4.0
		},
		{
			"due_date" : 204.88,
			"id" : 51,
			"is_internal" : true,
			"processing_time" : 3.0899999999999999,
			"release_time" : 199.56999999999999,
			"tardiness_weight" : 4.0
		},
		{
			"due_date" : 206.53,
			"id" : 52,
			"is_internal" : true,
			"processing_time" : 3.8799999999999999,
			"release_time" : 201.16,
			"tardiness_weight" : 3.0
		},
		{
			"due_date" : 209.41999999999999,
			"id" : 53,
			"is_internal" : true,
			"processing_time" : 3.9399999999999999,
			"release_time" : 205.41,
			"tardiness_weight" : 3.0
		},
		{
			"due_date" : 209.84,
			"id" : 54,
			"is_internal" : true,
			"processing_time" : 3.4300000000000002,
			"release_time" : 205.41999999999999,
			"tardiness_weight" : 4.0
		},
		{
			"due_date" : 212.69999999999999,
			"id" : 55,
			"is_internal" : true,
			"processing_time" : 2.4399999999999999,
			"release_time" : 207.06999999999999,
			"tardiness_weight" : 3.0
		},
		{
			"due_date" : 213.52000000000001,
			"id" : 56,
			"is_internal" : true,
			"processing_time" : 2.2400000000000002,
			"release_time" : 207.77000000000001,
			"tardiness_weight" : 3.0
		},
		{
			"due_date" : 214.84999999999999,
			"id" : 57,
			"is_internal" : true,
			"processing_time" : 2.4399999999999999,
			"release_time" : 211.90000000000001,
			"tardiness_weight" : 3.0
		},
		{
			"due_date" : 216.03999999999999,
			"id" : 58,
			"is_internal" : true,
			"processing_time" : 2.7400000000000002,
			"release_time" : 211.21000000000001,
			"tardiness_weight" : 3.0
		},
		{
			"due_date" : 219.99000000000001,
			"id" : 59,
			"is_internal" : true,
			"processing_time" : 3.8399999999999999,
			"release_time" : 215.38,
			"tardiness_weight" : 4.0
		},
		{
			"due_date" : 220.99000000000001,
			"id" : 60,
			"is_internal" : true,
			"processing_time" : 2.0699999999999998,
			"release_time" : 215.33000000000001,
			"tardiness_weight" : 4.0
		},
		{
			"due_date" : 222.09,
			"id" : 61,
			"is_internal" : true,
			"processing_time" : 2.23,
			"release_time" : 217.69999999999999,
			"tardiness_weight" : 4.0
		},
		{
			"due_date" : 225.0,
			"id" : 62,
			"is_internal" : true,
			"processing_time" : 3.1000000000000001,
			"release_time" : 220.59999999999999,
			"tardiness_weight" : 4.0
		},
		{
			"due_date" : 225.06999999999999,
			"id" : 63,
			"is_internal" : true,
			"processing_time" : 3.1000000000000001,
			"release_time" : 221.06999999999999,
			"tardiness_weight" : 4.0
		},
		{
			"due_date" : 229.81999999999999,
			"id" : 64,
			"is_internal" : true,
			"processing_time" : 2.8100000000000001,
			"release_time" : 224.43000000000001,
			"tardiness_weight" : 3.0
		},
		{
			"due_date" : 65.099999999999994,
			"id" : 65,
			"is_internal" : false,
			"processing_time" : 2.0,
			"release_time" : 63.100000000000001,
			"tardiness_weight" : 1.0
		},
		{
			"due_date" : 85.620000000000005,
			"id" : 66,
			"is_internal" : false,
			"processing_time" : 2.0,
			"release_time" : 83.620000000000005,
			"tardiness_weight" : 1.0
		},
		{
			"due_date" : 145.83000000000001,
			"id" : 67,
			"is_internal" : false,
			"processing_time" : 2.0,
			"release_time" : 143.83000000000001,
			"tardiness_weight" : 1.0
		},
		{
			"due_date" : 173.13,
			"id" : 68,
			"is_internal" : false,
			"processing_time" : 2.0,
			"release_time" : 171.13,
			"tardiness_weight" : 1.0
		},
		{
			"due_date" : 175.37,
			"id" : 69,
			"is_internal" : false,
			"processing_time" : 2.0,
			"release_time" : 173.37,
			"tardiness_weight" : 1.0
		},
		{
			"due_date" : 194.84,
			"id" : 70,
			"is_internal" : false,
			"processing_time" : 2.0,
			"release_time" : 192.84,
			"tardiness_weight" : 1.0
		},
		{
			"due_date" : 195.84999999999999,
			"id" : 71,
			"is_internal" : false,
			"processing_time" : 2.0,
			"release_time" : 193.84999999999999,
			"tardiness_weight" : 1.0
		},
		{
			"due_date" : 241.88,
			"id" : 72,
			"is_internal" : false,
			"processing_time" : 2.0,
			"release_time" : 239.88,
			"tardiness_weight" : 1.0
		}
	],
	"time_adjacency_matrix" : 
	[
		[
			0.0,
			0.80999999999999994,
			1.53,
			1.4099999999999999,
			1.6500000000000001,
			0.98999999999999988,
			0.92999999999999994,
			1.71,
			1.4099999999999999,
			0.63,
			1.95,
			2.3099999999999996,
			1.47,
			2.3099999999999996,
			0.68999999999999995,
			1.4099999999999999,
			0.32999999999999996,
			0.27000000000000002,
			1.47,
			1.47,
			2.3099999999999996,
			0.44999999999999996,
			1.29,
			2.4299999999999997,
			1.71,
			1.53,
			0.14999999999999999,
			1.05,
			1.77,
			1.4099999999999999,
			0.0,
			2.4299999999999997,
			1.53,
			1.5900000000000001,
			0.0,
			2.1899999999999999,
			1.77,
			0.20999999999999999,
			1.95,
			0.51000000000000001,
			1.53,
			1.95,
			2.3099999999999996,
			1.23,
			1.3500000000000001,
			1.1700000000000002,
			1.47,
			1.47,
			0.92999999999999994,
			0.80999999999999994,
			1.29,
			0.98999999999999988,
			0.14999999999999999,
			0.39000000000000001,
			1.3500000000000001,
			0.98999999999999988,
			2.1299999999999999,
			0.56999999999999995,
			1.3500000000000001,
			1.95,
			2.0699999999999998,
			1.47,
			0.68999999999999995,
			2.3099999999999996,
			0.68999999999999995,
			0.39000000000000001,
			0.14999999999999999,
			0.56999999999999995,
			2.4299999999999997,
			0.98999999999999988,
			1.4099999999999999,
			0.32999999999999996,
			2.25
		],
		[
			0.80999999999999994,
			0.0,
			0.80999999999999994,
			0.68999999999999995,
			0.92999999999999994,
			0.27000000000000002,
			0.20999999999999999,
			0.98999999999999988,
			0.68999999999999995,
			0.27000000000000002,
			1.23,
			1.5900000000000001,
			0.74999999999999989,
			1.5900000000000001,
			0.20999999999999999,
			0.68999999999999995,
			0.56999999999999995,
			0.63,
			0.74999999999999989,
			0.74999999999999989,
			1.5900000000000001,
			0.44999999999999996,
			0.56999999999999995,
			1.71,
			0.98999999999999988,
			0.80999999999999994,
			0.74999999999999989,
			0.32999999999999996,
			1.05,
			0.68999999999999995,
			0.80999999999999994,
			1.71,
			0.80999999999999994,
			0.87,
			0.80999999999999994,
			1.47,
			1.05,
			0.68999999999999995,
			1.23,
			0.39000000000000001,
			0.80999999999999994,
			1.23,
			1.5900000000000001,
			0.51000000000000001,
			0.63,
			0.44999999999999996,
			0.74999999999999989,
			0.74999999999999989,
			0.20999999999999999,
			0.0,
			0.56999999999999995,
			0.27000000000000002,
			0.74999999999999989,
			0.51000000000000001,
			0.63,
			0.27000000000000002,
			1.4099999999999999,
			0.32999999999999996,
			0.63,
			1.23,
			1.3500000000000001,
			0.74999999999999989,
			0.20999999999999999,
			1.5900000000000001,
			0.20999999999999999,
			0.51000000000000001,
			0.74999999999999989,
			0.32999999999999996,
			1.71,
			0.27000000000000002,
			0.68999999999999995,
			0.56999999999999995,
			1.53
		],
		[
			1.53,
			0.80999999999999994,
			0.0,
			0.20999999999999999,
			0.20999999999999999,
			0.63,
			0.68999999999999995,
			0.27000000000000002,
			0.20999999999999999,
			0.98999999999999988,
			0.51000000000000001,
			0.87,
			0.14999999999999999,
			0.87,
			0.92999999999999994,
			0.20999999999999999,
			1.29,
			1.3500000000000001,
			0.14999999999999999,
			0.14999999999999999,
			0.87,
			1.1700000000000002,
			0.32999999999999996,
			0.98999999999999988,
			0.27000000000000002,
			0.0,
			1.47,
			0.56999999999999995,
			0.32999999999999996,
			0.20999999999999999,
			1.53,
			0.98999999999999988,
			0.0,
			0.14999999999999999,
			1.53,
			0.74999999999999989,
			0.32999999999999996,
			1.4099999999999999,
			0.51000000000000001,
			1.1100000000000001,
			0.0,
			0.51000000000000001,
			0.87,
			0.39000000000000001,
			0.27000000000000002,
			0.44999999999999996,
			0.14999999999999999,
			0.14999999999999999,
			0.68999999999999995,
			0.80999999999999994,
			0.32999999999999996,
			0.63,
			1.47,
			1.23,
			0.27000000000000002,
			0.63,
			0.68999999999999995,
			1.05,
			0.27000000000000002,
			0.51000000000000001,
			0.63,
			0.14999999999999999,
			0.92999999999999994,
			0.87,
			0.92999999999999994,
			1.23,
			1.47,
			1.05,
			0.98999999999999988,
			0.63,
			0.20999999999999999,
			1.29,
			0.80999999999999994
		],
		[
			1.4099999999999999,
			0.68999999999999995,
			0.20999999999999999,
			0.0,
			0.32999999999999996,
			0.51000000000000001,
			0.56999999999999995,
			0.39000000000000001,
			0.0,
			0.87,
			0.63,
			0.98999999999999988,
			0.14999999999999999,
			0.98999999999999988,
			0.80999999999999994,
			0.0,
			1.1700000000000002,
			1.23,
			0.14999999999999999,
			0.14999999999999999,
			0.98999999999999988,
			1.05,
			0.20999999999999999,
			1.1100000000000001,
			0.39000000000000001,
			0.20999999999999999,
			1.3500000000000001,
			0.44999999999999996,
			0.44999999999999996,
			0.0,
			1.4099999999999999,
			1.1100000000000001,
			0.20999999999999999,
			0.27000000000000002,
			1.4099999999999999,
			0.87,
			0.44999999999999996,
			1.29,
			0.63,
			0.98999999999999988,
			0.20999999999999999,
			0.63,
			0.98999999999999988,
			0.27000000000000002,
			0.14999999999999999,
			0.32999999999999996,
			0.14999999999999999,
			0.14999999999999999,
			0.56999999999999995,
			0.68999999999999995,
			0.20999999999999999,
			0.51000000000000001,
			1.3500000000000001,
			1.1100000000000001,
			0.14999999999999999,
			0.51000000000000001,
			0.80999999999999994,
			0.92999999999999994,
			0.14999999999999999,
			0.63,
			0.74999999999999989,
			0.14999999999999999,
			0.80999999999999994,
			0.98999999999999988,
			0.80999999999999994,
			1.1100000000000001,
			1.3500000000000001,
			0.92999999999999994,
			1.1100000000000001,
			0.51000000000000001,
			0.0,
			1.1700000000000002,
			0.92999999999999994
		],
		[
			1.6500000000000001,
			0.92999999999999994,
			0.20999999999999999,
			0.32999999999999996,
			0.0,
			0.74999999999999989,
			0.80999999999999994,
			0.14999999999999999,
			0.32999999999999996,
			1.1100000000000001,
			0.39000000000000001,
			0.74999999999999989,
			0.27000000000000002,
			0.74999999999999989,
			1.05,
			0.32999999999999996,
			1.4099999999999999,
			1.47,
			0.27000000000000002,
			0.27000000000000002,
			0.74999999999999989,
			1.29,
			0.44999999999999996,
			0.87,
			0.14999999999999999,
			0.20999999999999999,
			1.5900000000000001,
			0.68999999999999995,
			0.20999999999999999,
			0.32999999999999996,
			1.6500000000000001,
			0.87,
			0.20999999999999999,
			0.14999999999999999,
			1.6500000000000001,
			0.63,
			0.20999999999999999,
			1.53,
			0.39000000000000001,
			1.23,
			0.20999999999999999,
			0.39000000000000001,
			0.74999999999999989,
			0.51000000000000001,
			0.39000000000000001,
			0.56999999999999995,
			0.27000000000000002,
			0.27000000000000002,
			0.80999999999999994,
			0.92999999999999994,
			0.44999999999999996,
			0.74999999999999989,
			1.5900000000000001,
			1.3500000000000001,
			0.39000000000000001,
			0.74999999999999989,
			0.56999999999999995,
			1.1700000000000002,
			0.39000000000000001,
			0.39000000000000001,
			0.51000000000000001,
			0.27000000000000002,
			1.05,
			0.74999999999999989,
			1.05,
			1.3500000000000001,
			1.5900000000000001,
			1.1700000000000002,
			0.87,
			0.74999999999999989,
			0.32999999999999996,
			1.4099999999999999,
			0.68999999999999995
		],
		[
			0.98999999999999988,
			0.27000000000000002,
			0.63,
			0.51000000000000001,
			0.74999999999999989,
			0.0,
			0.14999999999999999,
			0.80999999999999994,
			0.51000000000000001,
			0.44999999999999996,
			1.05,
			1.4099999999999999,
			0.56999999999999995,
			1.4099999999999999,
			0.39000000000000001,
			0.51000000000000001,
			0.74999999999999989,
			0.80999999999999994,
			0.56999999999999995,
			0.56999999999999995,
			1.4099999999999999,
			0.63,
			0.39000000000000001,
			1.53,
			0.80999999999999994,
			0.63,
			0.92999999999999994,
			0.14999999999999999,
			0.87,
			0.51000000000000001,
			0.98999999999999988,
			1.53,
			0.63,
			0.68999999999999995,
			0.98999999999999988,
			1.29,
			0.87,
			0.87,
			1.05,
			0.56999999999999995,
			0.63,
			1.05,
			1.4099999999999999,
			0.32999999999999996,
			0.44999999999999996,
			0.27000000000000002,
			0.56999999999999995,
			0.56999999999999995,
			0.14999999999999999,
			0.27000000000000002,
			0.39000000000000001,
			0.0,
			0.92999999999999994,
			0.68999999999999995,
			0.44999999999999996,
			0.0,
			1.23,
			0.51000000000000001,
			0.44999999999999996,
			1.05,
			1.1700000000000002,
			0.56999999999999995,
			0.39000000000000001,
			1.4099999999999999,
			0.39000000000000001,
			0.68999999999999995,
			0.92999999999999994,
			0.51000000000000001,
			1.53,
			0.0,
			0.51000000000000001,
			0.74999999999999989,
			1.3500000000000001
		],
		[
			0.92999999999999994,
			0.20999999999999999,
			0.68999999999999995,
			0.56999999999999995,
			0.80999999999999994,
			0.14999999999999999,
			0.0,
			0.87,
			0.56999999999999995,
			0.39000000000000001,
			1.1100000000000001,
			1.47,
			0.63,
			1.47,
			0.32999999999999996,
			0.56999999999999995,
			0.68999999999999995,
			0.74999999999999989,
			0.63,
			0.63,
			1.47,
			0.56999999999999995,
			0.44999999999999996,
			1.5900000000000001,
			0.87,
			0.68999999999999995,
			0.87,
			0.20999999999999999,
			0.92999999999999994,
			0.56999999999999995,
			0.92999999999999994,
			1.5900000000000001,
			0.68999999999999995,
			0.74999999999999989,
			0.92999999999999994,
			1.3500000000000001,
			0.92999999999999994,
			0.80999999999999994,
			1.1100000000000001,
			0.51000000000000001,
			0.68999999999999995,
			1.1100000000000001,
			1.47,
			0.39000000000000001,
			0.51000000000000001,
			0.32999999999999996,
			0.63,
			0.63,
			0.0,
			0.20999999999999999,
			0.44999999999999996,
			0.14999999999999999,
			0.87,
			0.63,
			0.51000000000000001,
			0.14999999999999999,
			1.29,
			0.44999999999999996,
			0.51000000000000001,
			1.1100000000000001,
			1.23,
			0.63,
			0.32999999999999996,
			1.47,
			0.32999999999999996,
			0.63,
			0.87,
			0.44999999999999996,
			1.5900000000000001,
			0.14999999999999999,
			0.56999999999999995,
			0.68999999999999995,
			1.4099999999999999
		],
		[
			1.71,
			0.98999999999999988,
			0.27000000000000002,
			0.39000000000000001,
			0.14999999999999999,
			0.80999999999999994,
			0.87,
			0.0,
			0.39000000000000001,
			1.1700000000000002,
			0.32999999999999996,
			0.68999999999999995,
			0.32999999999999996,
			0.68999999999999995,
			1.1100000000000001,
			0.39000000000000001,
			1.47,
			1.53,
			0.32999999999999996,
			0.32999999999999996,
			0.68999999999999995,
			1.3500000000000001,
			0.51000000000000001,
			0.80999999999999994,
			0.0,
			0.27000000000000002,
			1.6500000000000001,
			0.74999999999999989,
			0.14999999999999999,
			0.39000000000000001,
			1.71,
			0.80999999999999994,
			0.27000000000000002,
			0.20999999999999999,
			1.71,
			0.56999999999999995,
			0.14999999999999999,
			1.5900000000000001,
			0.32999999999999996,
			1.29,
			0.27000000000000002,
			0.32999999999999996,
			0.68999999999999995,
			0.56999999999999995,
			0.44999999999999996,
			0.63,
			0.32999999999999996,
			0.32999999999999996,
			0.87,
			0.98999999999999988,
			0.51000000000000001,
			0.80999999999999994,
			1.6500000000000001,
			1.4099999999999999,
			0.44999999999999996,
			0.80999999999999994,
			0.51000000000000001,
			1.23,
			0.44999999999999996,
			0.32999999999999996,
			0.44999999999999996,
			0.32999999999999996,
			1.1100000000000001,
			0.68999999999999995,
			1.1100000000000001,
			1.4099999999999999,
			1.6500000000000001,
			1.23,
			0.80999999999999994,
			0.80999999999999994,
			0.39000000000000001,
			1.47,
			0.63
		],
		[
			1.4099999999999999,
			0.68999999999999995,
			0.20999999999999999,
			0.0,
			0.32999999999999996,
			0.51000000000000001,
			0.56999999999999995,
			0.39000000000000001,
			0.0,
			0.87,
			0.63,
			0.98999999999999988,
			0.14999999999999999,
			0.98999999999999988,
			0.80999999999999994,
			0.0,
			1.1700000000000002,
			1.23,
			0.14999999999999999,
			0.14999999999999999,
			0.98999999999999988,
			1.05,
			0.20999999999999999,
			1.1100000000000001,
			0.39000000000000001,
			0.20999999999999999,
			1.3500000000000001,
			0.44999999999999996,
			0.44999999999999996,
			0.0,
			1.4099999999999999,
			1.1100000000000001,
			0.20999999999999999,
			0.27000000000000002,
			1.4099999999999999,
			0.87,
			0.44999999999999996,
			1.29,
			0.63,
			0.98999999999999988,
			0.20999999999999999,
			0.63,
			0.98999999999999988,
			0.27000000000000002,
			0.14999999999999999,
			0.32999999999999996,
			0.14999999999999999,
			0.14999999999999999,
			0.56999999999999995,
			0.68999999999999995,
			0.20999999999999999,
			0.51000000000000001,
			1.3500000000000001,
			1.1100000000000001,
			0.14999999999999999,
			0.51000000000000001,
			0.80999999999999994,
			0.92999999999999994,
			0.14999999999999999,
			0.63,
			0.74999999999999989,
			0.14999999999999999,
			0.80999999999999994,
			0.98999999999999988,
			0.80999999999999994,
			1.1100000000000001,
			1.3500000000000001,
			0.92999999999999994,
			1.1100000000000001,
			0.51000000000000001,
			0.0,
			1.1700000000000002,
			0.92999999999999994
		],
		[
			0.63,
			0.27000000000000002,
			0.98999999999999988,
			0.87,
			1.1100000000000001,
			0.44999999999999996,
			0.39000000000000001,
			1.1700000000000002,
			0.87,
			0.0,
			1.4099999999999999,
			1.77,
			0.92999999999999994,
			1.77,
			0.14999999999999999,
			0.87,
			0.39000000000000001,
			0.44999999999999996,
			0.92999999999999994,
			0.92999999999999994,
			1.77,
			0.27000000000000002,
			0.74999999999999989,
			1.8899999999999999,
			1.1700000000000002,
			0.98999999999999988,
			0.56999999999999995,
			0.51000000000000001,
			1.23,
			0.87,
			0.63,
			1.8899999999999999,
			0.98999999999999988,
			1.05,
			0.63,
			1.6500000000000001,
			1.23,
			0.51000000000000001,
			1.4099999999999999,
			0.20999999999999999,
			0.98999999999999988,
			1.4099999999999999,
			1.77,
			0.68999999999999995,
			0.80999999999999994,
			0.63,
			0.92999999999999994,
			0.92999999999999994,
			0.39000000000000001,
			0.27000000000000002,
			0.74999999999999989,
			0.44999999999999996,
			0.56999999999999995,
			0.32999999999999996,
			0.80999999999999994,
			0.44999999999999996,
			1.5900000000000001,
			0.14999999999999999,
			0.80999999999999994,
			1.4099999999999999,
			1.53,
			0.92999999999999994,
			0.14999999999999999,
			1.77,
			0.14999999999999999,
			0.32999999999999996,
			0.56999999999999995,
			0.14999999999999999,
			1.8899999999999999,
			0.44999999999999996,
			0.87,
			0.39000000000000001,
			1.71
		],
		[
			1.95,
			1.23,
			0.51000000000000001,
			0.63,
			0.39000000000000001,
			1.05,
			1.1100000000000001,
			0.32999999999999996,
			0.63,
			1.4099999999999999,
			0.0,
			0.44999999999999996,
			0.56999999999999995,
			0.44999999999999996,
			1.3500000000000001,
			0.63,
			1.71,
			1.77,
			0.56999999999999995,
			0.56999999999999995,
			0.44999999999999996,
			1.5900000000000001,
			0.74999999999999989,
			0.56999999999999995,
			0.32999999999999996,
			0.51000000000000001,
			1.8899999999999999,
			0.98999999999999988,
			0.27000000000000002,
			0.63,
			1.95,
			0.56999999999999995,
			0.51000000000000001,
			0.44999999999999996,
			1.95,
			0.32999999999999996,
			0.27000000000000002,
			1.8300000000000001,
			0.0,
			1.53,
			0.51000000000000001,
			0.0,
			0.44999999999999996,
			0.80999999999999994,
			0.68999999999999995,
			0.87,
			0.56999999999999995,
			0.56999999999999995,
			1.1100000000000001,
			1.23,
			0.74999999999999989,
			1.05,
			1.8899999999999999,
			1.6500000000000001,
			0.68999999999999995,
			1.05,
			0.27000000000000002,
			1.47,
			0.68999999999999995,
			0.0,
			0.20999999999999999,
			0.56999999999999995,
			1.3500000000000001,
			0.44999999999999996,
			1.3500000000000001,
			1.6500000000000001,
			1.8899999999999999,
			1.47,
			0.56999999999999995,
			1.05,
			0.63,
			1.71,
			0.39000000000000001
		],
		[
			2.3099999999999996,
			1.5900000000000001,
			0.87,
			0.98999999999999988,
			0.74999999999999989,
			1.4099999999999999,
			1.47,
			0.68999999999999995,
			0.98999999999999988,
			1.77,
			0.44999999999999996,
			0.0,
			0.92999999999999994,
			0.0,
			1.71,
			0.98999999999999988,
			2.0699999999999998,
			2.1299999999999999,
			0.92999999999999994,
			0.92999999999999994,
			0.0,
			1.95,
			1.1100000000000001,
			0.20999999999999999,
			0.68999999999999995,
			0.87,
			2.25,
			1.3500000000000001,
			0.63,
			0.98999999999999988,
			2.3099999999999996,
			0.20999999999999999,
			0.87,
			0.80999999999999994,
			2.3099999999999996,
			0.20999999999999999,
			0.63,
			2.1899999999999999,
			0.44999999999999996,
			1.8899999999999999,
			0.87,
			0.44999999999999996,
			0.0,
			1.1700000000000002,
			1.05,
			1.23,
			0.92999999999999994,
			0.92999999999999994,
			1.47,
			1.5900000000000001,
			1.1100000000000001,
			1.4099999999999999,
			2.25,
			2.0099999999999998,
			1.05,
			1.4099999999999999,
			0.27000000000000002,
			1.8300000000000001,
			1.05,
			0.44999999999999996,
			0.32999999999999996,
			0.92999999999999994,
			1.71,
			0.0,
			1.71,
			2.0099999999999998,
			2.25,
			1.8300000000000001,
			0.20999999999999999,
			1.4099999999999999,
			0.98999999999999988,
			2.0699999999999998,
			0.14999999999999999
		],
		[
			1.47,
			0.74999999999999989,
			0.14999999999999999,
			0.14999999999999999,
			0.27000000000000002,
			0.56999999999999995,
			0.63,
			0.32999999999999996,
			0.14999999999999999,
			0.92999999999999994,
			0.56999999999999995,
			0.92999999999999994,
			0.0,
			0.92999999999999994,
			0.87,
			0.14999999999999999,
			1.23,
			1.29,
			0.0,
			0.0,
			0.92999999999999994,
			1.1100000000000001,
			0.27000000000000002,
			1.05,
			0.32999999999999996,
			0.14999999999999999,
			1.4099999999999999,
			0.51000000000000001,
			0.39000000000000001,
			0.14999999999999999,
			1.47,
			1.05,
			0.14999999999999999,
			0.20999999999999999,
			1.47,
			0.80999999999999994,
			0.39000000000000001,
			1.3500000000000001,
			0.56999999999999995,
			1.05,
			0.14999999999999999,
			0.56999999999999995,
			0.92999999999999994,
			0.32999999999999996,
			0.20999999999999999,
			0.39000000000000001,
			0.0,
			0.0,
			0.63,
			0.74999999999999989,
			0.27000000000000002,
			0.56999999999999995,
			1.4099999999999999,
			1.1700000000000002,
			0.20999999999999999,
			0.56999999999999995,
			0.74999999999999989,
			0.98999999999999988,
			0.20999999999999999,
			0.56999999999999995,
			0.68999999999999995,
			0.0,
			0.87,
			0.92999999999999994,
			0.87,
			1.1700000000000002,
			1.4099999999999999,
			0.98999999999999988,
			1.05,
			0.56999999999999995,
			0.14999999999999999,
			1.23,
			0.87
		],
		[
			2.3099999999999996,
			1.5900000000000001,
			0.87,
			0.98999999999999988,
			0.74999999999999989,
			1.4099999999999999,
			1.47,
			0.68999999999999995,
			0.98999999999999988,
			1.77,
			0.44999999999999996,
			0.0,
			0.92999999999999994,
			0.0,
			1.71,
			0.98999999999999988,
			2.0699999999999998,
			2.1299999999999999,
			0.92999999999999994,
			0.92999999999999994,
			0.0,
			1.95,
			1.1100000000000001,
			0.20999999999999999,
			0.68999999999999995,
			0.87,
			2.25,
			1.3500000000000001,
			0.63,
			0.98999999999999988,
			2.3099999999999996,
			0.20999999999999999,
			0.87,
			0.80999999999999994,
			2.3099999999999996,
			0.20999999999999999,
			0.63,
			2.1899999999999999,
			0.44999999999999996,
			1.8899999999999999,
			0.87,
			0.44999999999999996,
			0.0,
			1.1700000000000002,
			1.05,
			1.23,
			0.92999999999999994,
			0.92999999999999994,
			1.47,
			1.5900000000000001,
			1.1100000000000001,
			1.4099999999999999,
			2.25,
			2.0099999999999998,
			1.05,
			1.4099999999999999,
			0.27000000000000002,
			1.8300000000000001,
			1.05,
			0.44999999999999996,
			0.32999999999999996,
			0.92999999999999994,
			1.71,
			0.0,
			1.71,
			2.0099999999999998,
			2.25,
			1.8300000000000001,
			0.20999999999999999,
			1.4099999999999999,
			0.98999999999999988,
			2.0699999999999998,
			0.14999999999999999
		],
		[
			0.68999999999999995,
			0.20999999999999999,
			0.92999999999999994,
			0.80999999999999994,
			1.05,
			0.39000000000000001,
			0.32999999999999996,
			1.1100000000000001,
			0.80999999999999994,
			0.14999999999999999,
			1.3500000000000001,
			1.71,
			0.87,
			1.71,
			0.0,
			0.80999999999999994,
			0.44999999999999996,
			0.51000000000000001,
			0.87,
			0.87,
			1.71,
			0.32999999999999996,
			0.68999999999999995,
			1.8300000000000001,
			1.1100000000000001,
			0.92999999999999994,
			0.63,
			0.44999999999999996,
			1.1700000000000002,
			0.80999999999999994,
			0.68999999999999995,
			1.8300000000000001,
			0.92999999999999994,
			0.98999999999999988,
			0.68999999999999995,
			1.5900000000000001,
			1.1700000000000002,
			0.56999999999999995,
			1.3500000000000001,
			0.27000000000000002,
			0.92999999999999994,
			1.3500000000000001,
			1.71,
			0.63,
			0.74999999999999989,
			0.56999999999999995,
			0.87,
			0.87,
			0.32999999999999996,
			0.20999999999999999,
			0.68999999999999995,
			0.39000000000000001,
			0.63,
			0.39000000000000001,
			0.74999999999999989,
			0.39000000000000001,
			1.53,
			0.20999999999999999,
			0.74999999999999989,
			1.3500000000000001,
			1.47,
			0.87,
			0.0,
			1.71,
			0.0,
			0.39000000000000001,
			0.63,
			0.20999999999999999,
			1.8300000000000001,
			0.39000000000000001,
			0.80999999999999994,
			0.44999999999999996,
			1.6500000000000001
		],
		[
			1.4099999999999999,
			0.68999999999999995,
			0.20999999999999999,
			0.0,
			0.32999999999999996,
			0.51000000000000001,
			0.56999999999999995,
			0.39000000000000001,
			0.0,
			0.87,
			0.63,
			0.98999999999999988,
			0.14999999999999999,
			0.98999999999999988,
			0.80999999999999994,
			0.0,
			1.1700000000000002,
			1.23,
			0.14999999999999999,
			0.14999999999999999,
			0.98999999999999988,
			1.05,
			0.20999999999999999,
			1.1100000000000001,
			0.39000000000000001,
			0.20999999999999999,
			1.3500000000000001,
			0.44999999999999996,
			0.44999999999999996,
			0.0,
			1.4099999999999999,
			1.1100000000000001,
			0.20999999999999999,
			0.27000000000000002,
			1.4099999999999999,
			0.87,
			0.44999999999999996,
			1.29,
			0.63,
			0.98999999999999988,
			0.20999999999999999,
			0.63,
			0.98999999999999988,
			0.27000000000000002,
			0.14999999999999999,
			0.32999999999999996,
			0.14999999999999999,
			0.14999999999999999,
			0.56999999999999995,
			0.68999999999999995,
			0.20999999999999999,
			0.51000000000000001,
			1.3500000000000001,
			1.1100000000000001,
			0.14999999999999999,
			0.51000000000000001,
			0.80999999999999994,
			0.92999999999999994,
			0.14999999999999999,
			0.63,
			0.74999999999999989,
			0.14999999999999999,
			0.80999999999999994,
			0.98999999999999988,
			0.80999999999999994,
			1.1100000000000001,
			1.3500000000000001,
			0.92999999999999994,
			1.1100000000000001,
			0.51000000000000001,
			0.0,
			1.1700000000000002,
			0.92999999999999994
		],
		[
			0.32999999999999996,
			0.56999999999999995,
			1.29,
			1.1700000000000002,
			1.4099999999999999,
			0.74999999999999989,
			0.68999999999999995,
			1.47,
			1.1700000000000002,
			0.39000000000000001,
			1.71,
			2.0699999999999998,
			1.23,
			2.0699999999999998,
			0.44999999999999996,
			1.1700000000000002,
			0.0,
			0.14999999999999999,
			1.23,
			1.23,
			2.0699999999999998,
			0.20999999999999999,
			1.05,
			2.1899999999999999,
			1.47,
			1.29,
			0.27000000000000002,
			0.80999999999999994,
			1.53,
			1.1700000000000002,
			0.32999999999999996,
			2.1899999999999999,
			1.29,
			1.3500000000000001,
			0.32999999999999996,
			1.95,
			1.53,
			0.20999999999999999,
			1.71,
			0.27000000000000002,
			1.29,
			1.71,
			2.0699999999999998,
			0.98999999999999988,
			1.1100000000000001,
			0.92999999999999994,
			1.23,
			1.23,
			0.68999999999999995,
			0.56999999999999995,
			1.05,
			0.74999999999999989,
			0.27000000000000002,
			0.14999999999999999,
			1.1100000000000001,
			0.74999999999999989,
			1.8899999999999999,
			0.32999999999999996,
			1.1100000000000001,
			1.71,
			1.8300000000000001,
			1.23,
			0.44999999999999996,
			2.0699999999999998,
			0.44999999999999996,
			0.14999999999999999,
			0.27000000000000002,
			0.32999999999999996,
			2.1899999999999999,
			0.74999999999999989,
			1.1700000000000002,
			0.0,
			2.0099999999999998
		],
		[
			0.27000000000000002,
			0.63,
			1.3500000000000001,
			1.23,
			1.47,
			0.80999999999999994,
			0.74999999999999989,
			1.53,
			1.23,
			0.44999999999999996,
			1.77,
			2.1299999999999999,
			1.29,
			2.1299999999999999,
			0.51000000000000001,
			1.23,
			0.14999999999999999,
			0.0,
			1.29,
			1.29,
			2.1299999999999999,
			0.27000000000000002,
			1.1100000000000001,
			2.25,
			1.53,
			1.3500000000000001,
			0.20999999999999999,
			0.87,
			1.5900000000000001,
			1.23,
			0.27000000000000002,
			2.25,
			1.3500000000000001,
			1.4099999999999999,
			0.27000000000000002,
			2.0099999999999998,
			1.5900000000000001,
			0.14999999999999999,
			1.77,
			0.32999999999999996,
			1.3500000000000001,
			1.77,
			2.1299999999999999,
			1.05,
			1.1700000000000002,
			0.98999999999999988,
			1.29,
			1.29,
			0.74999999999999989,
			0.63,
			1.1100000000000001,
			0.80999999999999994,
			0.20999999999999999,
			0.20999999999999999,
			1.1700000000000002,
			0.80999999999999994,
			1.95,
			0.39000000000000001,
			1.1700000000000002,
			1.77,
			1.8899999999999999,
			1.29,
			0.51000000000000001,
			2.1299999999999999,
			0.51000000000000001,
			0.20999999999999999,
			0.20999999999999999,
