{
	"instance_setting" : 
	{
		"average_number_of_tasks_executed_by_yc_per_hour" : 18,
		"external_task_ratio" : 0.40000000000000002,
		"instance_id" : 55,
		"number_of_external_tasks" : 29,
		"number_of_internal_tasks" : 43,
		"number_of_tasks" : 72,
		"planning_window_length_in_hours" : 4.0
	},
	"offline_optimal" : 1378.0600000000011,
	"offline_solution_computation_time_in_seconds" : 2.3162104999999999,
	"offline_solution_task_sequence" : 
	[
		0,
		1,
		44,
		2,
		4,
		47,
		5,
		50,
		3,
		8,
		6,
		7,
		9,
		10,
		11,
		12,
		13,
		52,
		53,
		14,
		17,
		16,
		45,
		51,
		46,
		48,
		15,
		19,
		18,
		55,
		49,
		57,
		21,
		54,
		22,
		23,
		58,
		20,
		59,
		24,
		56,
		25,
		60,
		61,
		62,
		63,
		26,
		28,
		30,
		29,
		31,
		33,
		32,
		34,
		35,
		27,
		64,
		66,
		65,
		36,
		37,
		38,
		39,
		41,
		40,
		67,
		42,
		43,
		68,
		69,
		70,
		71,
		72
	],
	"tasks" : 
	[
		{
			"due_date" : 0.0,
			"id" : 0,
			"is_internal" : true,
			"processing_time" : 0.0,
			"release_time" : 0.0,
			"tardiness_weight" : 0.0
		},
		{
			"due_date" : 2.6400000000000001,
			"id" : 1,
			"is_internal" : true,
			"processing_time" : 3.1200000000000001,
			"release_time" : 0.0,
			"tardiness_weight" : 4.0
		},
		{
			"due_date" : 11.699999999999999,
			"id" : 2,
			"is_internal" : true,
			"processing_time" : 3.52,
			"release_time" : 7.5999999999999996,
			"tardiness_weight" : 4.0
		},
		{
			"due_date" : 12.039999999999999,
			"id" : 3,
			"is_internal" : true,
			"processing_time" : 3.3599999999999999,
			"release_time" : 6.2400000000000002,
			"tardiness_weight" : 4.0
		},
		{
			"due_date" : 15.07,
			"id" : 4,
			"is_internal" : true,
			"processing_time" : 3.71,
			"release_time" : 10.380000000000001,
			"tardiness_weight" : 4.0
		},
		{
			"due_date" : 16.890000000000001,
			"id" : 5,
			"is_internal" : true,
			"processing_time" : 2.71,
			"release_time" : 12.34,
			"tardiness_weight" : 4.0
		},
		{
			"due_date" : 21.300000000000001,
			"id" : 6,
			"is_internal" : true,
			"processing_time" : 3.1400000000000001,
			"release_time" : 17.68,
			"tardiness_weight" : 3.0
		},
		{
			"due_date" : 24.0,
			"id" : 7,
			"is_internal" : true,
			"processing_time" : 2.6499999999999999,
			"release_time" : 20.960000000000001,
			"tardiness_weight" : 3.0
		},
		{
			"due_date" : 24.559999999999999,
			"id" : 8,
			"is_internal" : true,
			"processing_time" : 3.9700000000000002,
			"release_time" : 20.280000000000001,
			"tardiness_weight" : 4.0
		},
		{
			"due_date" : 29.649999999999999,
			"id" : 9,
			"is_internal" : true,
			"processing_time" : 3.9300000000000002,
			"release_time" : 24.07,
			"tardiness_weight" : 3.0
		},
		{
			"due_date" : 33.789999999999999,
			"id" : 10,
			"is_internal" : true,
			"processing_time" : 2.1899999999999999,
			"release_time" : 28.300000000000001,
			"tardiness_weight" : 4.0
		},
		{
			"due_date" : 44.219999999999999,
			"id" : 11,
			"is_internal" : true,
			"processing_time" : 2.6400000000000001,
			"release_time" : 41.049999999999997,
			"tardiness_weight" : 3.0
		},
		{
			"due_date" : 50.990000000000002,
			"id" : 12,
			"is_internal" : true,
			"processing_time" : 2.3999999999999999,
			"release_time" : 46.350000000000001,
			"tardiness_weight" : 3.0
		},
		{
			"due_date" : 54.390000000000001,
			"id" : 13,
			"is_internal" : true,
			"processing_time" : 2.3500000000000001,
			"release_time" : 49.130000000000003,
			"tardiness_weight" : 3.0
		},
		{
			"due_date" : 60.390000000000001,
			"id" : 14,
			"is_internal" : true,
			"processing_time" : 2.77,
			"release_time" : 55.960000000000001,
			"tardiness_weight" : 3.0
		},
		{
			"due_date" : 60.689999999999998,
			"id" : 15,
			"is_internal" : true,
			"processing_time" : 3.9500000000000002,
			"release_time" : 54.850000000000001,
			"tardiness_weight" : 4.0
		},
		{
			"due_date" : 60.909999999999997,
			"id" : 16,
			"is_internal" : true,
			"processing_time" : 3.5299999999999998,
			"release_time" : 57.289999999999999,
			"tardiness_weight" : 4.0
		},
		{
			"due_date" : 61.729999999999997,
			"id" : 17,
			"is_internal" : true,
			"processing_time" : 2.5299999999999998,
			"release_time" : 58.399999999999999,
			"tardiness_weight" : 3.0
		},
		{
			"due_date" : 63.270000000000003,
			"id" : 18,
			"is_internal" : true,
			"processing_time" : 3.27,
			"release_time" : 58.200000000000003,
			"tardiness_weight" : 4.0
		},
		{
			"due_date" : 76.420000000000002,
			"id" : 19,
			"is_internal" : true,
			"processing_time" : 3.1499999999999999,
			"release_time" : 71.459999999999994,
			"tardiness_weight" : 4.0
		},
		{
			"due_date" : 90.569999999999993,
			"id" : 20,
			"is_internal" : true,
			"processing_time" : 3.9199999999999999,
			"release_time" : 85.730000000000004,
			"tardiness_weight" : 4.0
		},
		{
			"due_date" : 98.859999999999999,
			"id" : 21,
			"is_internal" : true,
			"processing_time" : 2.5499999999999998,
			"release_time" : 93.569999999999993,
			"tardiness_weight" : 4.0
		},
		{
			"due_date" : 104.79000000000001,
			"id" : 22,
			"is_internal" : true,
			"processing_time" : 3.2999999999999998,
			"release_time" : 98.829999999999998,
			"tardiness_weight" : 4.0
		},
		{
			"due_date" : 107.69,
			"id" : 23,
			"is_internal" : true,
			"processing_time" : 2.6299999999999999,
			"release_time" : 101.92,
			"tardiness_weight" : 3.0
		},
		{
			"due_date" : 119.08,
			"id" : 24,
			"is_internal" : true,
			"processing_time" : 2.7599999999999998,
			"release_time" : 115.2,
			"tardiness_weight" : 3.0
		},
		{
			"due_date" : 120.68000000000001,
			"id" : 25,
			"is_internal" : true,
			"processing_time" : 2.1099999999999999,
			"release_time" : 117.90000000000001,
			"tardiness_weight" : 4.0
		},
		{
			"due_date" : 140.83000000000001,
			"id" : 26,
			"is_internal" : true,
			"processing_time" : 3.8999999999999999,
			"release_time" : 135.53999999999999,
			"tardiness_weight" : 3.0
		},
		{
			"due_date" : 143.02000000000001,
			"id" : 27,
			"is_internal" : true,
			"processing_time" : 3.6800000000000002,
			"release_time" : 138.83000000000001,
			"tardiness_weight" : 3.0
		},
		{
			"due_date" : 145.40000000000001,
			"id" : 28,
			"is_internal" : true,
			"processing_time" : 2.77,
			"release_time" : 140.90000000000001,
			"tardiness_weight" : 4.0
		},
		{
			"due_date" : 145.96000000000001,
			"id" : 29,
			"is_internal" : true,
			"processing_time" : 2.8500000000000001,
			"release_time" : 142.94999999999999,
			"tardiness_weight" : 4.0
		},
		{
			"due_date" : 149.99000000000001,
			"id" : 30,
			"is_internal" : true,
			"processing_time" : 2.25,
			"release_time" : 144.97,
			"tardiness_weight" : 4.0
		},
		{
			"due_date" : 153.53,
			"id" : 31,
			"is_internal" : true,
			"processing_time" : 3.8100000000000001,
			"release_time" : 149.31,
			"tardiness_weight" : 4.0
		},
		{
			"due_date" : 154.96000000000001,
			"id" : 32,
			"is_internal" : true,
			"processing_time" : 3.8199999999999998,
			"release_time" : 150.44,
			"tardiness_weight" : 3.0
		},
		{
			"due_date" : 157.72,
			"id" : 33,
			"is_internal" : true,
			"processing_time" : 3.1499999999999999,
			"release_time" : 154.16,
			"tardiness_weight" : 3.0
		},
		{
			"due_date" : 167.66999999999999,
			"id" : 34,
			"is_internal" : true,
			"processing_time" : 2.3300000000000001,
			"release_time" : 162.91,
			"tardiness_weight" : 4.0
		},
		{
			"due_date" : 168.5,
			"id" : 35,
			"is_internal" : true,
			"processing_time" : 2.2000000000000002,
			"release_time" : 166.05000000000001,
			"tardiness_weight" : 3.0
		},
		{
			"due_date" : 185.58000000000001,
			"id" : 36,
			"is_internal" : true,
			"processing_time" : 3.0899999999999999,
			"release_time" : 180.83000000000001,
			"tardiness_weight" : 4.0
		},
		{
			"due_date" : 192.22,
			"id" : 37,
			"is_internal" : true,
			"processing_time" : 2.4100000000000001,
			"release_time" : 189.19999999999999,
			"tardiness_weight" : 3.0
		},
		{
			"due_date" : 193.88999999999999,
			"id" : 38,
			"is_internal" : true,
			"processing_time" : 3.6499999999999999,
			"release_time" : 188.30000000000001,
			"tardiness_weight" : 3.0
		},
		{
			"due_date" : 199.0,
			"id" : 39,
			"is_internal" : true,
			"processing_time" : 2.6099999999999999,
			"release_time" : 196.34,
			"tardiness_weight" : 4.0
		},
		{
			"due_date" : 200.44999999999999,
			"id" : 40,
			"is_internal" : true,
			"processing_time" : 3.9199999999999999,
			"release_time" : 194.97999999999999,
			"tardiness_weight" : 3.0
		},
		{
			"due_date" : 204.62,
			"id" : 41,
			"is_internal" : true,
			"processing_time" : 2.9399999999999999,
			"release_time" : 198.75,
			"tardiness_weight" : 4.0
		},
		{
			"due_date" : 207.62,
			"id" : 42,
			"is_internal" : true,
			"processing_time" : 2.7599999999999998,
			"release_time" : 203.03999999999999,
			"tardiness_weight" : 4.0
		},
		{
			"due_date" : 212.25999999999999,
			"id" : 43,
			"is_internal" : true,
			"processing_time" : 3.8500000000000001,
			"release_time" : 207.19999999999999,
			"tardiness_weight" : 4.0
		},
		{
			"due_date" : 4.6699999999999999,
			"id" : 44,
			"is_internal" : false,
			"processing_time" : 2.0,
			"release_time" : 2.6699999999999999,
			"tardiness_weight" : 1.0
		},
		{
			"due_date" : 8.0500000000000007,
			"id" : 45,
			"is_internal" : false,
			"processing_time" : 2.0,
			"release_time" : 6.0499999999999998,
			"tardiness_weight" : 1.0
		},
		{
			"due_date" : 8.7699999999999996,
			"id" : 46,
			"is_internal" : false,
			"processing_time" : 2.0,
			"release_time" : 6.7699999999999996,
			"tardiness_weight" : 1.0
		},
		{
			"due_date" : 13.01,
			"id" : 47,
			"is_internal" : false,
			"processing_time" : 2.0,
			"release_time" : 11.01,
			"tardiness_weight" : 1.0
		},
		{
			"due_date" : 17.829999999999998,
			"id" : 48,
			"is_internal" : false,
			"processing_time" : 2.0,
			"release_time" : 15.83,
			"tardiness_weight" : 1.0
		},
		{
			"due_date" : 17.890000000000001,
			"id" : 49,
			"is_internal" : false,
			"processing_time" : 2.0,
			"release_time" : 15.890000000000001,
			"tardiness_weight" : 1.0
		},
		{
			"due_date" : 19.07,
			"id" : 50,
			"is_internal" : false,
			"processing_time" : 2.0,
			"release_time" : 17.07,
			"tardiness_weight" : 1.0
		},
		{
			"due_date" : 24.969999999999999,
			"id" : 51,
			"is_internal" : false,
			"processing_time" : 2.0,
			"release_time" : 22.969999999999999,
			"tardiness_weight" : 1.0
		},
		{
			"due_date" : 35.899999999999999,
			"id" : 52,
			"is_internal" : false,
			"processing_time" : 2.0,
			"release_time" : 33.899999999999999,
			"tardiness_weight" : 1.0
		},
		{
			"due_date" : 44.630000000000003,
			"id" : 53,
			"is_internal" : false,
			"processing_time" : 2.0,
			"release_time" : 42.630000000000003,
			"tardiness_weight" : 1.0
		},
		{
			"due_date" : 55.200000000000003,
			"id" : 54,
			"is_internal" : false,
			"processing_time" : 2.0,
			"release_time" : 53.200000000000003,
			"tardiness_weight" : 1.0
		},
		{
			"due_date" : 72.140000000000001,
			"id" : 55,
			"is_internal" : false,
			"processing_time" : 2.0,
			"release_time" : 70.140000000000001,
			"tardiness_weight" : 1.0
		},
		{
			"due_date" : 75.129999999999995,
			"id" : 56,
			"is_internal" : false,
			"processing_time" : 2.0,
			"release_time" : 73.129999999999995,
			"tardiness_weight" : 1.0
		},
		{
			"due_date" : 75.920000000000002,
			"id" : 57,
			"is_internal" : false,
			"processing_time" : 2.0,
			"release_time" : 73.920000000000002,
			"tardiness_weight" : 1.0
		},
		{
			"due_date" : 105.34,
			"id" : 58,
			"is_internal" : false,
			"processing_time" : 2.0,
			"release_time" : 103.34,
			"tardiness_weight" : 1.0
		},
		{
			"due_date" : 109.5,
			"id" : 59,
			"is_internal" : false,
			"processing_time" : 2.0,
			"release_time" : 107.5,
			"tardiness_weight" : 1.0
		},
		{
			"due_date" : 122.55,
			"id" : 60,
			"is_internal" : false,
			"processing_time" : 2.0,
			"release_time" : 120.55,
			"tardiness_weight" : 1.0
		},
		{
			"due_date" : 127.55,
			"id" : 61,
			"is_internal" : false,
			"processing_time" : 2.0,
			"release_time" : 125.55,
			"tardiness_weight" : 1.0
		},
		{
			"due_date" : 132.69999999999999,
			"id" : 62,
			"is_internal" : false,
			"processing_time" : 2.0,
			"release_time" : 130.69999999999999,
			"tardiness_weight" : 1.0
		},
		{
			"due_date" : 135.88,
			"id" : 63,
			"is_internal" : false,
			"processing_time" : 2.0,
			"release_time" : 133.88,
			"tardiness_weight" : 1.0
		},
		{
			"due_date" : 146.68000000000001,
			"id" : 64,
			"is_internal" : false,
			"processing_time" : 2.0,
			"release_time" : 144.68000000000001,
			"tardiness_weight" : 1.0
		},
		{
			"due_date" : 169.50999999999999,
			"id" : 65,
			"is_internal" : false,
			"processing_time" : 2.0,
			"release_time" : 167.50999999999999,
			"tardiness_weight" : 1.0
		},
		{
			"due_date" : 175.94999999999999,
			"id" : 66,
			"is_internal" : false,
			"processing_time" : 2.0,
			"release_time" : 173.94999999999999,
			"tardiness_weight" : 1.0
		},
		{
			"due_date" : 202.96000000000001,
			"id" : 67,
			"is_internal" : false,
			"processing_time" : 2.0,
			"release_time" : 200.96000000000001,
			"tardiness_weight" : 1.0
		},
		{
			"due_date" : 211.69,
			"id" : 68,
			"is_internal" : false,
			"processing_time" : 2.0,
			"release_time" : 209.69,
			"tardiness_weight" : 1.0
		},
		{
			"due_date" : 227.31,
			"id" : 69,
			"is_internal" : false,
			"processing_time" : 2.0,
			"release_time" : 225.31,
			"tardiness_weight" : 1.0
		},
		{
			"due_date" : 229.37,
			"id" : 70,
			"is_internal" : false,
			"processing_time" : 2.0,
			"release_time" : 227.37,
			"tardiness_weight" : 1.0
		},
		{
			"due_date" : 237.08000000000001,
			"id" : 71,
			"is_internal" : false,
			"processing_time" : 2.0,
			"release_time" : 235.08000000000001,
			"tardiness_weight" : 1.0
		},
		{
			"due_date" : 240.59999999999999,
			"id" : 72,
			"is_internal" : false,
			"processing_time" : 2.0,
			"release_time" : 238.59999999999999,
			"tardiness_weight" : 1.0
		}
	],
	"time_adjacency_matrix" : 
	[
		[
			0.0,
			1.5900000000000001,
			1.6500000000000001,
			0.20999999999999999,
			1.47,
			1.05,
			0.14999999999999999,
			0.0,
			0.14999999999999999,
			0.0,
			1.1700000000000002,
			1.29,
			0.51000000000000001,
			0.44999999999999996,
			0.63,
			2.1899999999999999,
			1.6500000000000001,
			0.63,
			2.3099999999999996,
			2.3099999999999996,
			0.0,
			1.1700000000000002,
			1.8300000000000001,
			1.4099999999999999,
			0.27000000000000002,
			1.71,
			0.44999999999999996,
			2.1299999999999999,
			0.63,
			1.23,
			0.74999999999999989,
			0.74999999999999989,
			0.63,
			0.87,
			0.68999999999999995,
			2.0099999999999998,
			1.8899999999999999,
			1.8300000000000001,
			0.0,
			0.32999999999999996,
			0.74999999999999989,
			0.44999999999999996,
			2.0099999999999998,
			2.3699999999999997,
			1.1700000000000002,
			1.71,
			1.77,
			1.47,
			1.8300000000000001,
			2.0099999999999998,
			0.98999999999999988,
			1.71,
			0.51000000000000001,
			0.56999999999999995,
			1.29,
			2.3099999999999996,
			0.44999999999999996,
			1.71,
			1.4099999999999999,
			0.0,
			1.47,
			0.92999999999999994,
			1.8899999999999999,
			1.23,
			2.3699999999999997,
			0.20999999999999999,
			0.44999999999999996,
			0.98999999999999988,
			0.51000000000000001,
			2.0699999999999998,
			2.1899999999999999,
			1.8300000000000001,
			2.25
		],
		[
			1.5900000000000001,
			0.0,
			0.14999999999999999,
			1.47,
			0.20999999999999999,
			0.63,
			1.53,
			1.5900000000000001,
			1.53,
			1.5900000000000001,
			0.51000000000000001,
			0.39000000000000001,
			1.1700000000000002,
			1.23,
			1.05,
			0.68999999999999995,
			0.14999999999999999,
			1.05,
			0.80999999999999994,
			0.80999999999999994,
			1.5900000000000001,
			0.51000000000000001,
			0.32999999999999996,
			0.27000000000000002,
			1.4099999999999999,
			0.20999999999999999,
			1.23,
			0.63,
			1.05,
			0.44999999999999996,
			0.92999999999999994,
			0.92999999999999994,
			1.05,
			0.80999999999999994,
			0.98999999999999988,
			0.51000000000000001,
			0.39000000000000001,
			0.32999999999999996,
			1.5900000000000001,
			1.3500000000000001,
			0.92999999999999994,
			1.23,
			0.51000000000000001,
			0.87,
			0.51000000000000001,
			0.20999999999999999,
			0.27000000000000002,
			0.20999999999999999,
			0.32999999999999996,
			0.51000000000000001,
			0.68999999999999995,
			0.20999999999999999,
			1.1700000000000002,
			1.1100000000000001,
			0.39000000000000001,
			0.80999999999999994,
			1.23,
			0.20999999999999999,
			0.27000000000000002,
			1.5900000000000001,
			0.20999999999999999,
			0.74999999999999989,
			0.39000000000000001,
			0.44999999999999996,
			0.87,
			1.47,
			1.23,
			0.68999999999999995,
			1.1700000000000002,
			0.56999999999999995,
			0.68999999999999995,
			0.32999999999999996,
			0.74999999999999989
		],
		[
			1.6500000000000001,
			0.14999999999999999,
			0.0,
			1.53,
			0.27000000000000002,
			0.68999999999999995,
			1.5900000000000001,
			1.6500000000000001,
			1.5900000000000001,
			1.6500000000000001,
			0.56999999999999995,
			0.44999999999999996,
			1.23,
			1.29,
			1.1100000000000001,
			0.63,
			0.0,
			1.1100000000000001,
			0.74999999999999989,
			0.74999999999999989,
			1.6500000000000001,
			0.56999999999999995,
			0.27000000000000002,
			0.32999999999999996,
			1.47,
			0.14999999999999999,
			1.29,
			0.56999999999999995,
			1.1100000000000001,
			0.51000000000000001,
			0.98999999999999988,
			0.98999999999999988,
			1.1100000000000001,
			0.87,
			1.05,
			0.44999999999999996,
			0.32999999999999996,
			0.27000000000000002,
			1.6500000000000001,
			1.4099999999999999,
			0.98999999999999988,
			1.29,
			0.44999999999999996,
			0.80999999999999994,
			0.56999999999999995,
			0.14999999999999999,
			0.20999999999999999,
			0.27000000000000002,
			0.27000000000000002,
			0.44999999999999996,
			0.74999999999999989,
			0.14999999999999999,
			1.23,
			1.1700000000000002,
			0.44999999999999996,
			0.74999999999999989,
			1.29,
			0.14999999999999999,
			0.32999999999999996,
			1.6500000000000001,
			0.27000000000000002,
			0.80999999999999994,
			0.32999999999999996,
			0.51000000000000001,
			0.80999999999999994,
			1.53,
			1.29,
			0.74999999999999989,
			1.23,
			0.51000000000000001,
			0.63,
			0.27000000000000002,
			0.68999999999999995
		],
		[
			0.20999999999999999,
			1.47,
			1.53,
			0.0,
			1.3500000000000001,
			0.92999999999999994,
			0.14999999999999999,
			0.20999999999999999,
			0.14999999999999999,
			0.20999999999999999,
			1.05,
			1.1700000000000002,
			0.39000000000000001,
			0.32999999999999996,
			0.51000000000000001,
			2.0699999999999998,
			1.53,
			0.51000000000000001,
			2.1899999999999999,
			2.1899999999999999,
			0.20999999999999999,
			1.05,
			1.71,
			1.29,
			0.14999999999999999,
			1.5900000000000001,
			0.32999999999999996,
			2.0099999999999998,
			0.51000000000000001,
			1.1100000000000001,
			0.63,
			0.63,
			0.51000000000000001,
			0.74999999999999989,
			0.56999999999999995,
			1.8899999999999999,
			1.77,
			1.71,
			0.20999999999999999,
			0.20999999999999999,
			0.63,
			0.32999999999999996,
			1.8899999999999999,
			2.25,
			1.05,
			1.5900000000000001,
			1.6500000000000001,
			1.3500000000000001,
			1.71,
			1.8899999999999999,
			0.87,
			1.5900000000000001,
			0.39000000000000001,
			0.44999999999999996,
			1.1700000000000002,
			2.1899999999999999,
			0.32999999999999996,
			1.5900000000000001,
			1.29,
			0.20999999999999999,
			1.3500000000000001,
			0.80999999999999994,
			1.77,
			1.1100000000000001,
			2.25,
			0.0,
			0.32999999999999996,
			0.87,
			0.39000000000000001,
			1.95,
			2.0699999999999998,
			1.71,
			2.1299999999999999
		],
		[
			1.47,
			0.20999999999999999,
			0.27000000000000002,
			1.3500000000000001,
			0.0,
			0.51000000000000001,
			1.4099999999999999,
			1.47,
			1.4099999999999999,
			1.47,
			0.39000000000000001,
			0.27000000000000002,
			1.05,
			1.1100000000000001,
			0.92999999999999994,
			0.80999999999999994,
			0.27000000000000002,
			0.92999999999999994,
			0.92999999999999994,
			0.92999999999999994,
			1.47,
			0.39000000000000001,
			0.44999999999999996,
			0.14999999999999999,
			1.29,
			0.32999999999999996,
			1.1100000000000001,
			0.74999999999999989,
			0.92999999999999994,
			0.32999999999999996,
			0.80999999999999994,
			0.80999999999999994,
			0.92999999999999994,
			0.68999999999999995,
			0.87,
			0.63,
			0.51000000000000001,
			0.44999999999999996,
			1.47,
			1.23,
			0.80999999999999994,
			1.1100000000000001,
			0.63,
			0.98999999999999988,
			0.39000000000000001,
			0.32999999999999996,
			0.39000000000000001,
			0.0,
			0.44999999999999996,
			0.63,
			0.56999999999999995,
			0.32999999999999996,
			1.05,
			0.98999999999999988,
			0.27000000000000002,
			0.92999999999999994,
			1.1100000000000001,
			0.32999999999999996,
			0.14999999999999999,
			1.47,
			0.0,
			0.63,
			0.51000000000000001,
			0.32999999999999996,
			0.98999999999999988,
			1.3500000000000001,
			1.1100000000000001,
			0.56999999999999995,
			1.05,
			0.68999999999999995,
			0.80999999999999994,
			0.44999999999999996,
			0.87
		],
		[
			1.05,
			0.63,
			0.68999999999999995,
			0.92999999999999994,
			0.51000000000000001,
			0.0,
			0.98999999999999988,
			1.05,
			0.98999999999999988,
			1.05,
			0.20999999999999999,
			0.32999999999999996,
			0.63,
			0.68999999999999995,
			0.51000000000000001,
			1.23,
			0.68999999999999995,
			0.51000000000000001,
			1.3500000000000001,
			1.3500000000000001,
			1.05,
			0.20999999999999999,
			0.87,
			0.44999999999999996,
			0.87,
			0.74999999999999989,
			0.68999999999999995,
			1.1700000000000002,
			0.51000000000000001,
			0.27000000000000002,
			0.39000000000000001,
			0.39000000000000001,
			0.51000000000000001,
			0.27000000000000002,
			0.44999999999999996,
			1.05,
			0.92999999999999994,
			0.87,
			1.05,
			0.80999999999999994,
			0.39000000000000001,
			0.68999999999999995,
			1.05,
			1.4099999999999999,
			0.20999999999999999,
			0.74999999999999989,
			0.80999999999999994,
			0.51000000000000001,
			0.87,
			1.05,
			0.14999999999999999,
			0.74999999999999989,
			0.63,
			0.56999999999999995,
			0.32999999999999996,
			1.3500000000000001,
			0.68999999999999995,
			0.74999999999999989,
			0.44999999999999996,
			1.05,
			0.51000000000000001,
			0.20999999999999999,
			0.92999999999999994,
			0.27000000000000002,
			1.4099999999999999,
			0.92999999999999994,
			0.68999999999999995,
			0.14999999999999999,
			0.63,
			1.1100000000000001,
			1.23,
			0.87,
			1.29
		],
		[
			0.14999999999999999,
			1.53,
			1.5900000000000001,
			0.14999999999999999,
			1.4099999999999999,
			0.98999999999999988,
			0.0,
			0.14999999999999999,
			0.0,
			0.14999999999999999,
			1.1100000000000001,
			1.23,
			0.44999999999999996,
			0.39000000000000001,
			0.56999999999999995,
			2.1299999999999999,
			1.5900000000000001,
			0.56999999999999995,
			2.25,
			2.25,
			0.14999999999999999,
			1.1100000000000001,
			1.77,
			1.3500000000000001,
			0.20999999999999999,
			1.6500000000000001,
			0.39000000000000001,
			2.0699999999999998,
			0.56999999999999995,
			1.1700000000000002,
			0.68999999999999995,
			0.68999999999999995,
			0.56999999999999995,
			0.80999999999999994,
			0.63,
			1.95,
			1.8300000000000001,
			1.77,
			0.14999999999999999,
			0.27000000000000002,
			0.68999999999999995,
			0.39000000000000001,
			1.95,
			2.3099999999999996,
			1.1100000000000001,
			1.6500000000000001,
			1.71,
			1.4099999999999999,
			1.77,
			1.95,
			0.92999999999999994,
			1.6500000000000001,
			0.44999999999999996,
			0.51000000000000001,
			1.23,
			2.25,
			0.39000000000000001,
			1.6500000000000001,
			1.3500000000000001,
			0.14999999999999999,
			1.4099999999999999,
			0.87,
			1.8300000000000001,
			1.1700000000000002,
			2.3099999999999996,
			0.14999999999999999,
			0.39000000000000001,
			0.92999999999999994,
			0.44999999999999996,
			2.0099999999999998,
			2.1299999999999999,
			1.77,
			2.1899999999999999
		],
		[
			0.0,
			1.5900000000000001,
			1.6500000000000001,
			0.20999999999999999,
			1.47,
			1.05,
			0.14999999999999999,
			0.0,
			0.14999999999999999,
			0.0,
			1.1700000000000002,
			1.29,
			0.51000000000000001,
			0.44999999999999996,
			0.63,
			2.1899999999999999,
			1.6500000000000001,
			0.63,
			2.3099999999999996,
			2.3099999999999996,
			0.0,
			1.1700000000000002,
			1.8300000000000001,
			1.4099999999999999,
			0.27000000000000002,
			1.71,
			0.44999999999999996,
			2.1299999999999999,
			0.63,
			1.23,
			0.74999999999999989,
			0.74999999999999989,
			0.63,
			0.87,
			0.68999999999999995,
			2.0099999999999998,
			1.8899999999999999,
			1.8300000000000001,
			0.0,
			0.32999999999999996,
			0.74999999999999989,
			0.44999999999999996,
			2.0099999999999998,
			2.3699999999999997,
			1.1700000000000002,
			1.71,
			1.77,
			1.47,
			1.8300000000000001,
			2.0099999999999998,
			0.98999999999999988,
			1.71,
			0.51000000000000001,
			0.56999999999999995,
			1.29,
			2.3099999999999996,
			0.44999999999999996,
			1.71,
			1.4099999999999999,
			0.0,
			1.47,
			0.92999999999999994,
			1.8899999999999999,
			1.23,
			2.3699999999999997,
			0.20999999999999999,
			0.44999999999999996,
			0.98999999999999988,
			0.51000000000000001,
			2.0699999999999998,
			2.1899999999999999,
			1.8300000000000001,
			2.25
		],
		[
			0.14999999999999999,
			1.53,
			1.5900000000000001,
			0.14999999999999999,
			1.4099999999999999,
			0.98999999999999988,
			0.0,
			0.14999999999999999,
			0.0,
			0.14999999999999999,
			1.1100000000000001,
			1.23,
			0.44999999999999996,
			0.39000000000000001,
			0.56999999999999995,
			2.1299999999999999,
			1.5900000000000001,
			0.56999999999999995,
			2.25,
			2.25,
			0.14999999999999999,
			1.1100000000000001,
			1.77,
			1.3500000000000001,
			0.20999999999999999,
			1.6500000000000001,
			0.39000000000000001,
			2.0699999999999998,
			0.56999999999999995,
			1.1700000000000002,
			0.68999999999999995,
			0.68999999999999995,
			0.56999999999999995,
			0.80999999999999994,
			0.63,
			1.95,
			1.8300000000000001,
			1.77,
			0.14999999999999999,
			0.27000000000000002,
			0.68999999999999995,
			0.39000000000000001,
			1.95,
			2.3099999999999996,
			1.1100000000000001,
			1.6500000000000001,
			1.71,
			1.4099999999999999,
			1.77,
			1.95,
			0.92999999999999994,
			1.6500000000000001,
			0.44999999999999996,
			0.51000000000000001,
			1.23,
			2.25,
			0.39000000000000001,
			1.6500000000000001,
			1.3500000000000001,
			0.14999999999999999,
			1.4099999999999999,
			0.87,
			1.8300000000000001,
			1.1700000000000002,
			2.3099999999999996,
			0.14999999999999999,
			0.39000000000000001,
			0.92999999999999994,
			0.44999999999999996,
			2.0099999999999998,
			2.1299999999999999,
			1.77,
			2.1899999999999999
		],
		[
			0.0,
			1.5900000000000001,
			1.6500000000000001,
			0.20999999999999999,
			1.47,
			1.05,
			0.14999999999999999,
			0.0,
			0.14999999999999999,
			0.0,
			1.1700000000000002,
			1.29,
			0.51000000000000001,
			0.44999999999999996,
			0.63,
			2.1899999999999999,
			1.6500000000000001,
			0.63,
			2.3099999999999996,
			2.3099999999999996,
			0.0,
			1.1700000000000002,
			1.8300000000000001,
			1.4099999999999999,
			0.27000000000000002,
			1.71,
			0.44999999999999996,
			2.1299999999999999,
			0.63,
			1.23,
			0.74999999999999989,
			0.74999999999999989,
			0.63,
			0.87,
			0.68999999999999995,
			2.0099999999999998,
			1.8899999999999999,
			1.8300000000000001,
			0.0,
			0.32999999999999996,
			0.74999999999999989,
			0.44999999999999996,
			2.0099999999999998,
			2.3699999999999997,
			1.1700000000000002,
			1.71,
			1.77,
			1.47,
			1.8300000000000001,
			2.0099999999999998,
			0.98999999999999988,
			1.71,
			0.51000000000000001,
			0.56999999999999995,
			1.29,
			2.3099999999999996,
			0.44999999999999996,
			1.71,
			1.4099999999999999,
			0.0,
			1.47,
			0.92999999999999994,
			1.8899999999999999,
			1.23,
			2.3699999999999997,
			0.20999999999999999,
			0.44999999999999996,
			0.98999999999999988,
			0.51000000000000001,
			2.0699999999999998,
			2.1899999999999999,
			1.8300000000000001,
			2.25
		],
		[
			1.1700000000000002,
			0.51000000000000001,
			0.56999999999999995,
			1.05,
			0.39000000000000001,
			0.20999999999999999,
			1.1100000000000001,
			1.1700000000000002,
			1.1100000000000001,
			1.1700000000000002,
			0.0,
			0.20999999999999999,
			0.74999999999999989,
			0.80999999999999994,
			0.63,
			1.1100000000000001,
			0.56999999999999995,
			0.63,
			1.23,
			1.23,
			1.1700000000000002,
			0.0,
			0.74999999999999989,
			0.32999999999999996,
			0.98999999999999988,
			0.63,
			0.80999999999999994,
			1.05,
			0.63,
			0.14999999999999999,
			0.51000000000000001,
			0.51000000000000001,
			0.63,
			0.39000000000000001,
			0.56999999999999995,
			0.92999999999999994,
			0.80999999999999994,
			0.74999999999999989,
			1.1700000000000002,
			0.92999999999999994,
			0.51000000000000001,
			0.80999999999999994,
			0.92999999999999994,
			1.29,
			0.0,
			0.63,
			0.68999999999999995,
			0.39000000000000001,
			0.74999999999999989,
			0.92999999999999994,
			0.27000000000000002,
			0.63,
			0.74999999999999989,
			0.68999999999999995,
			0.20999999999999999,
			1.23,
			0.80999999999999994,
			0.63,
			0.32999999999999996,
			1.1700000000000002,
			0.39000000000000001,
			0.32999999999999996,
			0.80999999999999994,
			0.14999999999999999,
			1.29,
			1.05,
			0.80999999999999994,
			0.27000000000000002,
			0.74999999999999989,
			0.98999999999999988,
			1.1100000000000001,
			0.74999999999999989,
			1.1700000000000002
		],
		[
			1.29,
			0.39000000000000001,
			0.44999999999999996,
			1.1700000000000002,
			0.27000000000000002,
			0.32999999999999996,
			1.23,
			1.29,
			1.23,
			1.29,
			0.20999999999999999,
			0.0,
			0.87,
			0.92999999999999994,
			0.74999999999999989,
			0.98999999999999988,
			0.44999999999999996,
			0.74999999999999989,
			1.1100000000000001,
			1.1100000000000001,
			1.29,
			0.20999999999999999,
			0.63,
			0.20999999999999999,
			1.1100000000000001,
			0.51000000000000001,
			0.92999999999999994,
			0.92999999999999994,
			0.74999999999999989,
			0.14999999999999999,
			0.63,
			0.63,
			0.74999999999999989,
			0.51000000000000001,
			0.68999999999999995,
			0.80999999999999994,
			0.68999999999999995,
			0.63,
			1.29,
			1.05,
			0.63,
			0.92999999999999994,
			0.80999999999999994,
			1.1700000000000002,
			0.20999999999999999,
			0.51000000000000001,
			0.56999999999999995,
			0.27000000000000002,
			0.63,
			0.80999999999999994,
			0.39000000000000001,
			0.51000000000000001,
			0.87,
			0.80999999999999994,
			0.0,
			1.1100000000000001,
			0.92999999999999994,
			0.51000000000000001,
			0.20999999999999999,
			1.29,
			0.27000000000000002,
			0.44999999999999996,
			0.68999999999999995,
			0.14999999999999999,
			1.1700000000000002,
			1.1700000000000002,
			0.92999999999999994,
			0.39000000000000001,
			0.87,
			0.87,
			0.98999999999999988,
			0.63,
			1.05
		],
		[
			0.51000000000000001,
			1.1700000000000002,
			1.23,
			0.39000000000000001,
			1.05,
			0.63,
			0.44999999999999996,
			0.51000000000000001,
			0.44999999999999996,
			0.51000000000000001,
			0.74999999999999989,
			0.87,
			0.0,
			0.14999999999999999,
			0.20999999999999999,
			1.77,
			1.23,
			0.20999999999999999,
			1.8899999999999999,
			1.8899999999999999,
			0.51000000000000001,
			0.74999999999999989,
			1.4099999999999999,
			0.98999999999999988,
			0.32999999999999996,
			1.29,
			0.14999999999999999,
			1.71,
			0.20999999999999999,
			0.80999999999999994,
			0.32999999999999996,
			0.32999999999999996,
			0.20999999999999999,
			0.44999999999999996,
			0.27000000000000002,
			1.5900000000000001,
			1.47,
			1.4099999999999999,
			0.51000000000000001,
			0.27000000000000002,
			0.32999999999999996,
			0.14999999999999999,
			1.5900000000000001,
			1.95,
			0.74999999999999989,
			1.29,
			1.3500000000000001,
			1.05,
			1.4099999999999999,
			1.5900000000000001,
			0.56999999999999995,
			1.29,
			0.0,
			0.14999999999999999,
			0.87,
			1.8899999999999999,
			0.14999999999999999,
			1.29,
			0.98999999999999988,
			0.51000000000000001,
			1.05,
			0.51000000000000001,
			1.47,
			0.80999999999999994,
			1.95,
			0.39000000000000001,
			0.14999999999999999,
			0.56999999999999995,
			0.0,
			1.6500000000000001,
			1.77,
			1.4099999999999999,
			1.8300000000000001
		],
		[
			0.44999999999999996,
			1.23,
			1.29,
			0.32999999999999996,
			1.1100000000000001,
			0.68999999999999995,
			0.39000000000000001,
			0.44999999999999996,
			0.39000000000000001,
			0.44999999999999996,
			0.80999999999999994,
			0.92999999999999994,
			0.14999999999999999,
			0.0,
			0.27000000000000002,
			1.8300000000000001,
			1.29,
			0.27000000000000002,
			1.95,
			1.95,
			0.44999999999999996,
			0.80999999999999994,
			1.47,
			1.05,
			0.27000000000000002,
			1.3500000000000001,
			0.0,
			1.77,
			0.27000000000000002,
			0.87,
			0.39000000000000001,
			0.39000000000000001,
			0.27000000000000002,
			0.51000000000000001,
			0.32999999999999996,
			1.6500000000000001,
			1.53,
			1.47,
			0.44999999999999996,
			0.20999999999999999,
			0.39000000000000001,
			0.0,
			1.6500000000000001,
			2.0099999999999998,
			0.80999999999999994,
			1.3500000000000001,
			1.4099999999999999,
			1.1100000000000001,
			1.47,
			1.6500000000000001,
			0.63,
			1.3500000000000001,
			0.14999999999999999,
			0.20999999999999999,
			0.92999999999999994,
			1.95,
			0.0,
			1.3500000000000001,
			1.05,
			0.44999999999999996,
			1.1100000000000001,
			0.56999999999999995,
			1.53,
			0.87,
			2.0099999999999998,
			0.32999999999999996,
			0.0,
			0.63,
			0.14999999999999999,
			1.71,
			1.8300000000000001,
			1.47,
			1.8899999999999999
		],
		[
			0.63,
			1.05,
			1.1100000000000001,
			0.51000000000000001,
			0.92999999999999994,
			0.51000000000000001,
			0.56999999999999995,
			0.63,
			0.56999999999999995,
			0.63,
			0.63,
			0.74999999999999989,
			0.20999999999999999,
			0.27000000000000002,
			0.0,
			1.6500000000000001,
			1.1100000000000001,
			0.0,
			1.77,
			1.77,
			0.63,
			0.63,
			1.29,
			0.87,
			0.44999999999999996,
			1.1700000000000002,
			0.27000000000000002,
			1.5900000000000001,
			0.0,
			0.68999999999999995,
			0.20999999999999999,
			0.20999999999999999,
			0.0,
			0.32999999999999996,
			0.14999999999999999,
			1.47,
			1.3500000000000001,
			1.29,
			0.63,
			0.39000000000000001,
			0.20999999999999999,
			0.27000000000000002,
			1.47,
			1.8300000000000001,
			0.63,
			1.1700000000000002,
			1.23,
			0.92999999999999994,
			1.29,
			1.47,
			0.44999999999999996,
			1.1700000000000002,
			0.20999999999999999,
			0.14999999999999999,
			0.74999999999999989,
			1.77,
			0.27000000000000002,
			1.1700000000000002,
			0.87,
			0.63,
			0.92999999999999994,
			0.39000000000000001,
			1.3500000000000001,
			0.68999999999999995,
			1.8300000000000001,
			0.51000000000000001,
			0.27000000000000002,
			0.44999999999999996,
			0.20999999999999999,
			1.53,
			1.6500000000000001,
			1.29,
			1.71
		],
		[
			2.1899999999999999,
			0.68999999999999995,
			0.63,
			2.0699999999999998,
			0.80999999999999994,
			1.23,
			2.1299999999999999,
			2.1899999999999999,
			2.1299999999999999,
			2.1899999999999999,
			1.1100000000000001,
			0.98999999999999988,
			1.77,
			1.8300000000000001,
			1.6500000000000001,
			0.0,
			0.63,
			1.6500000000000001,
			0.20999999999999999,
			0.20999999999999999,
			2.1899999999999999,
			1.1100000000000001,
			0.44999999999999996,
			0.87,
			2.0099999999999998,
			0.56999999999999995,
			1.8300000000000001,
			0.14999999999999999,
			1.6500000000000001,
			1.05,
			1.53,
			1.53,
			1.6500000000000001,
			1.4099999999999999,
			1.5900000000000001,
			0.27000000000000002,
			0.39000000000000001,
			0.44999999999999996,
			2.1899999999999999,
			1.95,
			1.53,
			1.8300000000000001,
			0.27000000000000002,
			0.27000000000000002,
			1.1100000000000001,
			0.56999999999999995,
			0.51000000000000001,
			0.80999999999999994,
			0.44999999999999996,
			0.27000000000000002,
			1.29,
			0.56999999999999995,
			1.77,
			1.71,
			0.98999999999999988,
			0.20999999999999999,
			1.8300000000000001,
			0.56999999999999995,
			0.87,
			2.1899999999999999,
			0.80999999999999994,
			1.3500000000000001,
			0.39000000000000001,
			1.05,
			0.27000000000000002,
			2.0699999999999998,
			1.8300000000000001,
			1.29,
			1.77,
			0.20999999999999999,
			0.0,
			0.44999999999999996,
			0.14999999999999999
		],
		[
			1.6500000000000001,
			0.14999999999999999,
			0.0,
			1.53,
			0.27000000000000002,
			0.68999999999999995,
			1.5900000000000001,
			1.6500000000000001,
			1.5900000000000001,
			1.6500000000000001,
			0.56999999999999995,
			0.44999999999999996,
			1.23,
			1.29,
			1.1100000000000001,
			0.63,
			0.0,
			1.1100000000000001,
			0.74999999999999989,
			0.74999999999999989,
			1.6500000000000001,
			0.56999999999999995,
			0.27000000000000002,
			0.32999999999999996,
			1.47,
			0.14999999999999999,
			1.29,
			0.56999999999999995,
			1.1100000000000001,
			0.51000000000000001,
			0.98999999999999988,
			0.98999999999999988,
			1.1100000000000001,
			0.87,
			1.05,
			0.44999999999999996,
			0.32999999999999996,
			0.27000000000000002,
			1.6500000000000001,
			1.4099999999999999,
			0.98999999999999988,
			1.29,
			0.44999999999999996,
			0.80999999999999994,
			0.56999999999999995,
			0.14999999999999999,
			0.20999999999999999,
			0.27000000000000002,
			0.27000000000000002,
			0.44999999999999996,
			0.74999999999999989,
			0.14999999999999999,
			1.23,
			1.1700000000000002,
			0.44999999999999996,
			0.74999999999999989,
			1.29,
			0.14999999999999999,
			0.32999999999999996,
			1.6500000000000001,
			0.27000000000000002,
			0.80999999999999994,
			0.32999999999999996,
			0.51000000000000001,
			0.80999999999999994,
			1.53,
			1.29,
			0.74999999999999989,
			1.23,
			0.51000000000000001,
			0.63,
			0.27000000000000002,
			0.68999999999999995
		],
		[
			0.63,
			1.05,
			1.1100000000000001,
			0.51000000000000001,
			0.92999999999999994,
			0.51000000000000001,
			0.56999999999999995,
			0.63,
			0.56999999999999995,
			0.63,
			0.63,
			0.74999999999999989,
			0.20999999999999999,
			0.27000000000000002,
			0.0,
			1.6500000000000001,
			1.1100000000000001,
			0.0,
			1.77,
			1.77,
			0.63,
			0.63,
			1.29,
			0.87,
			0.44999999999999996,
			1.1700000000000002,
			0.27000000000000002,
			1.5900000000000001,
			0.0,
			0.68999999999999995,
			0.20999999999999999,
			0.20999999999999999,
			0.0,
			0.32999999999999996,
			0.14999999999999999,
			1.47,
			1.3500000000000001,
			1.29,
			0.63,
			0.39000000000000001,
			0.20999999999999999,
			0.27000000000000002,
			1.47,
			1.8300000000000001,
			0.63,
			1.1700000000000002,
			1.23,
			0.92999999999999994,
			1.29,
			1.47,
			0.44999999999999996,
			1.1700000000000002,
			0.20999999999999999,
			0.14999999999999999,
			0.74999999999999989,
			1.77,
			0.27000000000000002,
			1.1700000000000002,
			0.87,
			0.63,
			0.92999999999999994,
			0.39000000000000001,
			1.3500000000000001,
			0.68999999999999995,
			1.8300000000000001,
			0.51000000000000001,
			0.27000000000000002,
			0.44999999999999996,
			0.20999999999999999,
			1.53,
			1.6500000000000001,
			1.29,
			1.71
		],
		[
			2.3099999999999996,
			0.80999999999999994,
			0.74999999999999989,
			2.1899999999999999,
			0.92999999999999994,
			1.3500000000000001,
			2.25,
			2.3099999999999996,
			2.25,
			2.3099999999999996,
			1.23,
			1.1100000000000001,
			1.8899999999999999,
			1.95,
			1.77,
			0.20999999999999999,
			0.74999999999999989,
			1.77,
			0.0,
			0.0,
			2.3099999999999996,
			1.23,
			0.56999999999999995,
			0.98999999999999988,
			2.1299999999999999,
			0.68999999999999995,
			1.95,
			0.27000000000000002,
			1.77,
			1.1700000000000002,
