{
	"instance_setting" : 
	{
		"average_number_of_tasks_executed_by_yc_per_hour" : 18,
		"external_task_ratio" : 0.29999999999999999,
		"instance_id" : 41,
		"number_of_external_tasks" : 22,
		"number_of_internal_tasks" : 50,
		"number_of_tasks" : 72,
		"planning_window_length_in_hours" : 4.0
	},
	"offline_optimal" : 1039.5800000000027,
	"offline_solution_computation_time_in_seconds" : 1.4949584,
	"offline_solution_task_sequence" : 
	[
		0,
		3,
		4,
		5,
		2,
		1,
		6,
		51,
		8,
		7,
		9,
		10,
		52,
		11,
		53,
		12,
		14,
		15,
		13,
		18,
		16,
		54,
		56,
		19,
		55,
		17,
		20,
		21,
		23,
		22,
		58,
		25,
		57,
		24,
		60,
		61,
		59,
		26,
		27,
		62,
		28,
		63,
		29,
		64,
		30,
		31,
		32,
		65,
		33,
		34,
		35,
		37,
		67,
		66,
		36,
		38,
		40,
		41,
		42,
		39,
		43,
		44,
		45,
		48,
		49,
		47,
		46,
		50,
		69,
		71,
		68,
		72,
		70
	],
	"tasks" : 
	[
		{
			"due_date" : 0.0,
			"id" : 0,
			"is_internal" : true,
			"processing_time" : 0.0,
			"release_time" : 0.0,
			"tardiness_weight" : 0.0
		},
		{
			"due_date" : 3.02,
			"id" : 1,
			"is_internal" : true,
			"processing_time" : 3.7999999999999998,
			"release_time" : 0.0,
			"tardiness_weight" : 4.0
		},
		{
			"due_date" : 4.4800000000000004,
			"id" : 2,
			"is_internal" : true,
			"processing_time" : 2.0,
			"release_time" : 2.1899999999999999,
			"tardiness_weight" : 4.0
		},
		{
			"due_date" : 6.3099999999999996,
			"id" : 3,
			"is_internal" : true,
			"processing_time" : 2.7999999999999998,
			"release_time" : 1.21,
			"tardiness_weight" : 3.0
		},
		{
			"due_date" : 6.9199999999999999,
			"id" : 4,
			"is_internal" : true,
			"processing_time" : 2.1699999999999999,
			"release_time" : 2.2599999999999998,
			"tardiness_weight" : 4.0
		},
		{
			"due_date" : 8.8200000000000003,
			"id" : 5,
			"is_internal" : true,
			"processing_time" : 2.0299999999999998,
			"release_time" : 4.6100000000000003,
			"tardiness_weight" : 4.0
		},
		{
			"due_date" : 20.41,
			"id" : 6,
			"is_internal" : true,
			"processing_time" : 3.9900000000000002,
			"release_time" : 15.1,
			"tardiness_weight" : 3.0
		},
		{
			"due_date" : 26.23,
			"id" : 7,
			"is_internal" : true,
			"processing_time" : 2.8199999999999998,
			"release_time" : 21.68,
			"tardiness_weight" : 4.0
		},
		{
			"due_date" : 29.09,
			"id" : 8,
			"is_internal" : true,
			"processing_time" : 2.3700000000000001,
			"release_time" : 24.190000000000001,
			"tardiness_weight" : 4.0
		},
		{
			"due_date" : 38.18,
			"id" : 9,
			"is_internal" : true,
			"processing_time" : 3.8900000000000001,
			"release_time" : 32.890000000000001,
			"tardiness_weight" : 4.0
		},
		{
			"due_date" : 44.399999999999999,
			"id" : 10,
			"is_internal" : true,
			"processing_time" : 2.8500000000000001,
			"release_time" : 38.600000000000001,
			"tardiness_weight" : 3.0
		},
		{
			"due_date" : 50.100000000000001,
			"id" : 11,
			"is_internal" : true,
			"processing_time" : 2.0299999999999998,
			"release_time" : 46.439999999999998,
			"tardiness_weight" : 4.0
		},
		{
			"due_date" : 60.079999999999998,
			"id" : 12,
			"is_internal" : true,
			"processing_time" : 3.8799999999999999,
			"release_time" : 55.369999999999997,
			"tardiness_weight" : 4.0
		},
		{
			"due_date" : 60.920000000000002,
			"id" : 13,
			"is_internal" : true,
			"processing_time" : 3.8399999999999999,
			"release_time" : 56.719999999999999,
			"tardiness_weight" : 4.0
		},
		{
			"due_date" : 64.090000000000003,
			"id" : 14,
			"is_internal" : true,
			"processing_time" : 3.8900000000000001,
			"release_time" : 58.920000000000002,
			"tardiness_weight" : 4.0
		},
		{
			"due_date" : 67.170000000000002,
			"id" : 15,
			"is_internal" : true,
			"processing_time" : 2.4900000000000002,
			"release_time" : 62.060000000000002,
			"tardiness_weight" : 4.0
		},
		{
			"due_date" : 70.560000000000002,
			"id" : 16,
			"is_internal" : true,
			"processing_time" : 3.7599999999999998,
			"release_time" : 66.680000000000007,
			"tardiness_weight" : 3.0
		},
		{
			"due_date" : 73.700000000000003,
			"id" : 17,
			"is_internal" : true,
			"processing_time" : 2.0099999999999998,
			"release_time" : 69.109999999999999,
			"tardiness_weight" : 3.0
		},
		{
			"due_date" : 73.870000000000005,
			"id" : 18,
			"is_internal" : true,
			"processing_time" : 2.0099999999999998,
			"release_time" : 71.530000000000001,
			"tardiness_weight" : 3.0
		},
		{
			"due_date" : 82.459999999999994,
			"id" : 19,
			"is_internal" : true,
			"processing_time" : 2.29,
			"release_time" : 79.670000000000002,
			"tardiness_weight" : 3.0
		},
		{
			"due_date" : 95.349999999999994,
			"id" : 20,
			"is_internal" : true,
			"processing_time" : 2.71,
			"release_time" : 90.5,
			"tardiness_weight" : 4.0
		},
		{
			"due_date" : 98.560000000000002,
			"id" : 21,
			"is_internal" : true,
			"processing_time" : 3.5499999999999998,
			"release_time" : 92.900000000000006,
			"tardiness_weight" : 3.0
		},
		{
			"due_date" : 98.620000000000005,
			"id" : 22,
			"is_internal" : true,
			"processing_time" : 2.7799999999999998,
			"release_time" : 95.269999999999996,
			"tardiness_weight" : 4.0
		},
		{
			"due_date" : 99.040000000000006,
			"id" : 23,
			"is_internal" : true,
			"processing_time" : 2.48,
			"release_time" : 96.540000000000006,
			"tardiness_weight" : 4.0
		},
		{
			"due_date" : 104.26000000000001,
			"id" : 24,
			"is_internal" : true,
			"processing_time" : 2.71,
			"release_time" : 101.0,
			"tardiness_weight" : 3.0
		},
		{
			"due_date" : 111.45,
			"id" : 25,
			"is_internal" : true,
			"processing_time" : 2.5499999999999998,
			"release_time" : 106.88,
			"tardiness_weight" : 4.0
		},
		{
			"due_date" : 127.59,
			"id" : 26,
			"is_internal" : true,
			"processing_time" : 2.8599999999999999,
			"release_time" : 124.31999999999999,
			"tardiness_weight" : 3.0
		},
		{
			"due_date" : 130.0,
			"id" : 27,
			"is_internal" : true,
			"processing_time" : 3.98,
			"release_time" : 126.02,
			"tardiness_weight" : 4.0
		},
		{
			"due_date" : 143.66,
			"id" : 28,
			"is_internal" : true,
			"processing_time" : 2.3999999999999999,
			"release_time" : 137.72,
			"tardiness_weight" : 3.0
		},
		{
			"due_date" : 148.88999999999999,
			"id" : 29,
			"is_internal" : true,
			"processing_time" : 2.9100000000000001,
			"release_time" : 142.99000000000001,
			"tardiness_weight" : 3.0
		},
		{
			"due_date" : 153.55000000000001,
			"id" : 30,
			"is_internal" : true,
			"processing_time" : 2.21,
			"release_time" : 149.5,
			"tardiness_weight" : 3.0
		},
		{
			"due_date" : 163.06999999999999,
			"id" : 31,
			"is_internal" : true,
			"processing_time" : 2.0600000000000001,
			"release_time" : 157.78999999999999,
			"tardiness_weight" : 4.0
		},
		{
			"due_date" : 167.71000000000001,
			"id" : 32,
			"is_internal" : true,
			"processing_time" : 2.2400000000000002,
			"release_time" : 162.68000000000001,
			"tardiness_weight" : 3.0
		},
		{
			"due_date" : 170.00999999999999,
			"id" : 33,
			"is_internal" : true,
			"processing_time" : 2.8999999999999999,
			"release_time" : 165.30000000000001,
			"tardiness_weight" : 3.0
		},
		{
			"due_date" : 177.21000000000001,
			"id" : 34,
			"is_internal" : true,
			"processing_time" : 3.2000000000000002,
			"release_time" : 173.0,
			"tardiness_weight" : 3.0
		},
		{
			"due_date" : 178.47999999999999,
			"id" : 35,
			"is_internal" : true,
			"processing_time" : 2.96,
			"release_time" : 173.03,
			"tardiness_weight" : 4.0
		},
		{
			"due_date" : 182.75999999999999,
			"id" : 36,
			"is_internal" : true,
			"processing_time" : 3.1899999999999999,
			"release_time" : 177.03,
			"tardiness_weight" : 3.0
		},
		{
			"due_date" : 184.53,
			"id" : 37,
			"is_internal" : true,
			"processing_time" : 2.1200000000000001,
			"release_time" : 178.75,
			"tardiness_weight" : 4.0
		},
		{
			"due_date" : 196.27000000000001,
			"id" : 38,
			"is_internal" : true,
			"processing_time" : 3.8300000000000001,
			"release_time" : 191.06999999999999,
			"tardiness_weight" : 3.0
		},
		{
			"due_date" : 196.52000000000001,
			"id" : 39,
			"is_internal" : true,
			"processing_time" : 2.6499999999999999,
			"release_time" : 191.53,
			"tardiness_weight" : 3.0
		},
		{
			"due_date" : 200.69999999999999,
			"id" : 40,
			"is_internal" : true,
			"processing_time" : 2.8999999999999999,
			"release_time" : 195.66999999999999,
			"tardiness_weight" : 4.0
		},
		{
			"due_date" : 202.03999999999999,
			"id" : 41,
			"is_internal" : true,
			"processing_time" : 2.8199999999999998,
			"release_time" : 197.75999999999999,
			"tardiness_weight" : 3.0
		},
		{
			"due_date" : 202.69,
			"id" : 42,
			"is_internal" : true,
			"processing_time" : 3.5899999999999999,
			"release_time" : 197.53,
			"tardiness_weight" : 3.0
		},
		{
			"due_date" : 203.38999999999999,
			"id" : 43,
			"is_internal" : true,
			"processing_time" : 3.7799999999999998,
			"release_time" : 198.56,
			"tardiness_weight" : 3.0
		},
		{
			"due_date" : 208.77000000000001,
			"id" : 44,
			"is_internal" : true,
			"processing_time" : 2.0800000000000001,
			"release_time" : 205.06,
			"tardiness_weight" : 3.0
		},
		{
			"due_date" : 209.11000000000001,
			"id" : 45,
			"is_internal" : true,
			"processing_time" : 2.8900000000000001,
			"release_time" : 206.09999999999999,
			"tardiness_weight" : 4.0
		},
		{
			"due_date" : 222.56,
			"id" : 46,
			"is_internal" : true,
			"processing_time" : 3.54,
			"release_time" : 218.86000000000001,
			"tardiness_weight" : 3.0
		},
		{
			"due_date" : 223.77000000000001,
			"id" : 47,
			"is_internal" : true,
			"processing_time" : 3.8399999999999999,
			"release_time" : 218.53999999999999,
			"tardiness_weight" : 4.0
		},
		{
			"due_date" : 225.06,
			"id" : 48,
			"is_internal" : true,
			"processing_time" : 2.73,
			"release_time" : 219.87,
			"tardiness_weight" : 3.0
		},
		{
			"due_date" : 226.94999999999999,
			"id" : 49,
			"is_internal" : true,
			"processing_time" : 3.7000000000000002,
			"release_time" : 223.11000000000001,
			"tardiness_weight" : 4.0
		},
		{
			"due_date" : 236.68000000000001,
			"id" : 50,
			"is_internal" : true,
			"processing_time" : 3.6099999999999999,
			"release_time" : 230.77000000000001,
			"tardiness_weight" : 3.0
		},
		{
			"due_date" : 3.5,
			"id" : 51,
			"is_internal" : false,
			"processing_time" : 2.0,
			"release_time" : 1.5,
			"tardiness_weight" : 1.0
		},
		{
			"due_date" : 35.990000000000002,
			"id" : 52,
			"is_internal" : false,
			"processing_time" : 2.0,
			"release_time" : 33.990000000000002,
			"tardiness_weight" : 1.0
		},
		{
			"due_date" : 39.68,
			"id" : 53,
			"is_internal" : false,
			"processing_time" : 2.0,
			"release_time" : 37.68,
			"tardiness_weight" : 1.0
		},
		{
			"due_date" : 64.75,
			"id" : 54,
			"is_internal" : false,
			"processing_time" : 2.0,
			"release_time" : 62.75,
			"tardiness_weight" : 1.0
		},
		{
			"due_date" : 66.599999999999994,
			"id" : 55,
			"is_internal" : false,
			"processing_time" : 2.0,
			"release_time" : 64.599999999999994,
			"tardiness_weight" : 1.0
		},
		{
			"due_date" : 80.909999999999997,
			"id" : 56,
			"is_internal" : false,
			"processing_time" : 2.0,
			"release_time" : 78.909999999999997,
			"tardiness_weight" : 1.0
		},
		{
			"due_date" : 84.140000000000001,
			"id" : 57,
			"is_internal" : false,
			"processing_time" : 2.0,
			"release_time" : 82.140000000000001,
			"tardiness_weight" : 1.0
		},
		{
			"due_date" : 88.180000000000007,
			"id" : 58,
			"is_internal" : false,
			"processing_time" : 2.0,
			"release_time" : 86.180000000000007,
			"tardiness_weight" : 1.0
		},
		{
			"due_date" : 112.14,
			"id" : 59,
			"is_internal" : false,
			"processing_time" : 2.0,
			"release_time" : 110.14,
			"tardiness_weight" : 1.0
		},
		{
			"due_date" : 115.29000000000001,
			"id" : 60,
			"is_internal" : false,
			"processing_time" : 2.0,
			"release_time" : 113.29000000000001,
			"tardiness_weight" : 1.0
		},
		{
			"due_date" : 120.04000000000001,
			"id" : 61,
			"is_internal" : false,
			"processing_time" : 2.0,
			"release_time" : 118.04000000000001,
			"tardiness_weight" : 1.0
		},
		{
			"due_date" : 125.34999999999999,
			"id" : 62,
			"is_internal" : false,
			"processing_time" : 2.0,
			"release_time" : 123.34999999999999,
			"tardiness_weight" : 1.0
		},
		{
			"due_date" : 138.80000000000001,
			"id" : 63,
			"is_internal" : false,
			"processing_time" : 2.0,
			"release_time" : 136.80000000000001,
			"tardiness_weight" : 1.0
		},
		{
			"due_date" : 139.69999999999999,
			"id" : 64,
			"is_internal" : false,
			"processing_time" : 2.0,
			"release_time" : 137.69999999999999,
			"tardiness_weight" : 1.0
		},
		{
			"due_date" : 164.91,
			"id" : 65,
			"is_internal" : false,
			"processing_time" : 2.0,
			"release_time" : 162.91,
			"tardiness_weight" : 1.0
		},
		{
			"due_date" : 173.66999999999999,
			"id" : 66,
			"is_internal" : false,
			"processing_time" : 2.0,
			"release_time" : 171.66999999999999,
			"tardiness_weight" : 1.0
		},
		{
			"due_date" : 175.16,
			"id" : 67,
			"is_internal" : false,
			"processing_time" : 2.0,
			"release_time" : 173.16,
			"tardiness_weight" : 1.0
		},
		{
			"due_date" : 190.31,
			"id" : 68,
			"is_internal" : false,
			"processing_time" : 2.0,
			"release_time" : 188.31,
			"tardiness_weight" : 1.0
		},
		{
			"due_date" : 193.02000000000001,
			"id" : 69,
			"is_internal" : false,
			"processing_time" : 2.0,
			"release_time" : 191.02000000000001,
			"tardiness_weight" : 1.0
		},
		{
			"due_date" : 198.18000000000001,
			"id" : 70,
			"is_internal" : false,
			"processing_time" : 2.0,
			"release_time" : 196.18000000000001,
			"tardiness_weight" : 1.0
		},
		{
			"due_date" : 201.55000000000001,
			"id" : 71,
			"is_internal" : false,
			"processing_time" : 2.0,
			"release_time" : 199.55000000000001,
			"tardiness_weight" : 1.0
		},
		{
			"due_date" : 240.50999999999999,
			"id" : 72,
			"is_internal" : false,
			"processing_time" : 2.0,
			"release_time" : 238.50999999999999,
			"tardiness_weight" : 1.0
		}
	],
	"time_adjacency_matrix" : 
	[
		[
			0.0,
			2.3099999999999996,
			1.8899999999999999,
			0.32999999999999996,
			1.4099999999999999,
			1.47,
			1.4099999999999999,
			0.0,
			0.80999999999999994,
			2.3699999999999997,
			2.3099999999999996,
			1.53,
			0.14999999999999999,
			1.3500000000000001,
			1.1100000000000001,
			1.29,
			1.71,
			0.87,
			1.5900000000000001,
			1.23,
			0.14999999999999999,
			0.0,
			2.4299999999999997,
			2.3099999999999996,
			0.74999999999999989,
			1.3500000000000001,
			2.3699999999999997,
			0.51000000000000001,
			1.77,
			2.1299999999999999,
			0.68999999999999995,
			0.80999999999999994,
			1.71,
			0.14999999999999999,
			0.56999999999999995,
			1.29,
			0.44999999999999996,
			2.25,
			0.39000000000000001,
			2.0099999999999998,
			0.74999999999999989,
			0.92999999999999994,
			1.77,
			2.3099999999999996,
			1.1100000000000001,
			0.39000000000000001,
			1.53,
			1.5900000000000001,
			0.56999999999999995,
			0.98999999999999988,
			1.71,
			1.1700000000000002,
			1.1100000000000001,
			0.44999999999999996,
			2.0099999999999998,
			1.1700000000000002,
			1.77,
			1.47,
			1.8899999999999999,
			2.4299999999999997,
			0.0,
			0.20999999999999999,
			0.32999999999999996,
			2.4299999999999997,
			0.87,
			1.1100000000000001,
			1.95,
			2.0099999999999998,
			1.95,
			1.5900000000000001,
			0.20999999999999999,
			1.47,
			0.87
		],
		[
			2.3099999999999996,
			0.0,
			0.51000000000000001,
			2.0699999999999998,
			0.98999999999999988,
			0.92999999999999994,
			0.98999999999999988,
			2.3099999999999996,
			1.5900000000000001,
			0.14999999999999999,
			0.0,
			0.87,
			2.25,
			1.05,
			1.29,
			1.1100000000000001,
			0.68999999999999995,
			1.53,
			0.80999999999999994,
			1.1700000000000002,
			2.25,
			2.3099999999999996,
			0.20999999999999999,
			0.0,
			1.6500000000000001,
			1.05,
			0.14999999999999999,
			1.8899999999999999,
			0.63,
			0.27000000000000002,
			1.71,
			1.5900000000000001,
			0.68999999999999995,
			2.25,
			1.8300000000000001,
			1.1100000000000001,
			1.95,
			0.14999999999999999,
			2.0099999999999998,
			0.39000000000000001,
			1.6500000000000001,
			1.47,
			0.63,
			0.0,
			1.29,
			2.0099999999999998,
			0.87,
			0.80999999999999994,
			1.8300000000000001,
			1.4099999999999999,
			0.68999999999999995,
			1.23,
			1.29,
			1.95,
			0.39000000000000001,
			1.23,
			0.63,
			0.92999999999999994,
			0.51000000000000001,
			0.20999999999999999,
			2.3099999999999996,
			2.1899999999999999,
			2.0699999999999998,
			0.20999999999999999,
			1.53,
			1.29,
			0.44999999999999996,
			0.39000000000000001,
			0.44999999999999996,
			0.80999999999999994,
			2.1899999999999999,
			0.92999999999999994,
			1.53
		],
		[
			1.8899999999999999,
			0.51000000000000001,
			0.0,
			1.6500000000000001,
			0.56999999999999995,
			0.51000000000000001,
			0.56999999999999995,
			1.8899999999999999,
			1.1700000000000002,
			0.56999999999999995,
			0.51000000000000001,
			0.44999999999999996,
			1.8300000000000001,
			0.63,
			0.87,
			0.68999999999999995,
			0.27000000000000002,
			1.1100000000000001,
			0.39000000000000001,
			0.74999999999999989,
			1.8300000000000001,
			1.8899999999999999,
			0.63,
			0.51000000000000001,
			1.23,
			0.63,
			0.56999999999999995,
			1.47,
			0.20999999999999999,
			0.32999999999999996,
			1.29,
			1.1700000000000002,
			0.27000000000000002,
			1.8300000000000001,
			1.4099999999999999,
			0.68999999999999995,
			1.53,
			0.44999999999999996,
			1.5900000000000001,
			0.20999999999999999,
			1.23,
			1.05,
			0.20999999999999999,
			0.51000000000000001,
			0.87,
			1.5900000000000001,
			0.44999999999999996,
			0.39000000000000001,
			1.4099999999999999,
			0.98999999999999988,
			0.27000000000000002,
			0.80999999999999994,
			0.87,
			1.53,
			0.20999999999999999,
			0.80999999999999994,
			0.20999999999999999,
			0.51000000000000001,
			0.0,
			0.63,
			1.8899999999999999,
			1.77,
			1.6500000000000001,
			0.63,
			1.1100000000000001,
			0.87,
			0.14999999999999999,
			0.20999999999999999,
			0.14999999999999999,
			0.39000000000000001,
			1.77,
			0.51000000000000001,
			1.1100000000000001
		],
		[
			0.32999999999999996,
			2.0699999999999998,
			1.6500000000000001,
			0.0,
			1.1700000000000002,
			1.23,
			1.1700000000000002,
			0.32999999999999996,
			0.56999999999999995,
			2.1299999999999999,
			2.0699999999999998,
			1.29,
			0.27000000000000002,
			1.1100000000000001,
			0.87,
			1.05,
			1.47,
			0.63,
			1.3500000000000001,
			0.98999999999999988,
			0.27000000000000002,
			0.32999999999999996,
			2.1899999999999999,
			2.0699999999999998,
			0.51000000000000001,
			1.1100000000000001,
			2.1299999999999999,
			0.27000000000000002,
			1.53,
			1.8899999999999999,
			0.44999999999999996,
			0.56999999999999995,
			1.47,
			0.27000000000000002,
			0.32999999999999996,
			1.05,
			0.20999999999999999,
			2.0099999999999998,
			0.14999999999999999,
			1.77,
			0.51000000000000001,
			0.68999999999999995,
			1.53,
			2.0699999999999998,
			0.87,
			0.14999999999999999,
			1.29,
			1.3500000000000001,
			0.32999999999999996,
			0.74999999999999989,
			1.47,
			0.92999999999999994,
			0.87,
			0.20999999999999999,
			1.77,
			0.92999999999999994,
			1.53,
			1.23,
			1.6500000000000001,
			2.1899999999999999,
			0.32999999999999996,
			0.20999999999999999,
			0.0,
			2.1899999999999999,
			0.63,
			0.87,
			1.71,
			1.77,
			1.71,
			1.3500000000000001,
			0.20999999999999999,
			1.23,
			0.63
		],
		[
			1.4099999999999999,
			0.98999999999999988,
			0.56999999999999995,
			1.1700000000000002,
			0.0,
			0.14999999999999999,
			0.0,
			1.4099999999999999,
			0.68999999999999995,
			1.05,
			0.98999999999999988,
			0.20999999999999999,
			1.3500000000000001,
			0.14999999999999999,
			0.39000000000000001,
			0.20999999999999999,
			0.39000000000000001,
			0.63,
			0.27000000000000002,
			0.27000000000000002,
			1.3500000000000001,
			1.4099999999999999,
			1.1100000000000001,
			0.98999999999999988,
			0.74999999999999989,
			0.14999999999999999,
			1.05,
			0.98999999999999988,
			0.44999999999999996,
			0.80999999999999994,
			0.80999999999999994,
			0.68999999999999995,
			0.39000000000000001,
			1.3500000000000001,
			0.92999999999999994,
			0.20999999999999999,
			1.05,
			0.92999999999999994,
			1.1100000000000001,
			0.68999999999999995,
			0.74999999999999989,
			0.56999999999999995,
			0.44999999999999996,
			0.98999999999999988,
			0.39000000000000001,
			1.1100000000000001,
			0.20999999999999999,
			0.27000000000000002,
			0.92999999999999994,
			0.51000000000000001,
			0.39000000000000001,
			0.32999999999999996,
			0.39000000000000001,
			1.05,
			0.68999999999999995,
			0.32999999999999996,
			0.44999999999999996,
			0.14999999999999999,
			0.56999999999999995,
			1.1100000000000001,
			1.4099999999999999,
			1.29,
			1.1700000000000002,
			1.1100000000000001,
			0.63,
			0.39000000000000001,
			0.63,
			0.68999999999999995,
			0.63,
			0.27000000000000002,
			1.29,
			0.14999999999999999,
			0.63
		],
		[
			1.47,
			0.92999999999999994,
			0.51000000000000001,
			1.23,
			0.14999999999999999,
			0.0,
			0.14999999999999999,
			1.47,
			0.74999999999999989,
			0.98999999999999988,
			0.92999999999999994,
			0.14999999999999999,
			1.4099999999999999,
			0.20999999999999999,
			0.44999999999999996,
			0.27000000000000002,
			0.32999999999999996,
			0.68999999999999995,
			0.20999999999999999,
			0.32999999999999996,
			1.4099999999999999,
			1.47,
			1.05,
			0.92999999999999994,
			0.80999999999999994,
			0.20999999999999999,
			0.98999999999999988,
			1.05,
			0.39000000000000001,
			0.74999999999999989,
			0.87,
			0.74999999999999989,
			0.32999999999999996,
			1.4099999999999999,
			0.98999999999999988,
			0.27000000000000002,
			1.1100000000000001,
			0.87,
			1.1700000000000002,
			0.63,
			0.80999999999999994,
			0.63,
			0.39000000000000001,
			0.92999999999999994,
			0.44999999999999996,
			1.1700000000000002,
			0.14999999999999999,
			0.20999999999999999,
			0.98999999999999988,
			0.56999999999999995,
			0.32999999999999996,
			0.39000000000000001,
			0.44999999999999996,
			1.1100000000000001,
			0.63,
			0.39000000000000001,
			0.39000000000000001,
			0.0,
			0.51000000000000001,
			1.05,
			1.47,
			1.3500000000000001,
			1.23,
			1.05,
			0.68999999999999995,
			0.44999999999999996,
			0.56999999999999995,
			0.63,
			0.56999999999999995,
			0.20999999999999999,
			1.3500000000000001,
			0.0,
			0.68999999999999995
		],
		[
			1.4099999999999999,
			0.98999999999999988,
			0.56999999999999995,
			1.1700000000000002,
			0.0,
			0.14999999999999999,
			0.0,
			1.4099999999999999,
			0.68999999999999995,
			1.05,
			0.98999999999999988,
			0.20999999999999999,
			1.3500000000000001,
			0.14999999999999999,
			0.39000000000000001,
			0.20999999999999999,
			0.39000000000000001,
			0.63,
			0.27000000000000002,
			0.27000000000000002,
			1.3500000000000001,
			1.4099999999999999,
			1.1100000000000001,
			0.98999999999999988,
			0.74999999999999989,
			0.14999999999999999,
			1.05,
			0.98999999999999988,
			0.44999999999999996,
			0.80999999999999994,
			0.80999999999999994,
			0.68999999999999995,
			0.39000000000000001,
			1.3500000000000001,
			0.92999999999999994,
			0.20999999999999999,
			1.05,
			0.92999999999999994,
			1.1100000000000001,
			0.68999999999999995,
			0.74999999999999989,
			0.56999999999999995,
			0.44999999999999996,
			0.98999999999999988,
			0.39000000000000001,
			1.1100000000000001,
			0.20999999999999999,
			0.27000000000000002,
			0.92999999999999994,
			0.51000000000000001,
			0.39000000000000001,
			0.32999999999999996,
			0.39000000000000001,
			1.05,
			0.68999999999999995,
			0.32999999999999996,
			0.44999999999999996,
			0.14999999999999999,
			0.56999999999999995,
			1.1100000000000001,
			1.4099999999999999,
			1.29,
			1.1700000000000002,
			1.1100000000000001,
			0.63,
			0.39000000000000001,
			0.63,
			0.68999999999999995,
			0.63,
			0.27000000000000002,
			1.29,
			0.14999999999999999,
			0.63
		],
		[
			0.0,
			2.3099999999999996,
			1.8899999999999999,
			0.32999999999999996,
			1.4099999999999999,
			1.47,
			1.4099999999999999,
			0.0,
			0.80999999999999994,
			2.3699999999999997,
			2.3099999999999996,
			1.53,
			0.14999999999999999,
			1.3500000000000001,
			1.1100000000000001,
			1.29,
			1.71,
			0.87,
			1.5900000000000001,
			1.23,
			0.14999999999999999,
			0.0,
			2.4299999999999997,
			2.3099999999999996,
			0.74999999999999989,
			1.3500000000000001,
			2.3699999999999997,
			0.51000000000000001,
			1.77,
			2.1299999999999999,
			0.68999999999999995,
			0.80999999999999994,
			1.71,
			0.14999999999999999,
			0.56999999999999995,
			1.29,
			0.44999999999999996,
			2.25,
			0.39000000000000001,
			2.0099999999999998,
			0.74999999999999989,
			0.92999999999999994,
			1.77,
			2.3099999999999996,
			1.1100000000000001,
			0.39000000000000001,
			1.53,
			1.5900000000000001,
			0.56999999999999995,
			0.98999999999999988,
			1.71,
			1.1700000000000002,
			1.1100000000000001,
			0.44999999999999996,
			2.0099999999999998,
			1.1700000000000002,
			1.77,
			1.47,
			1.8899999999999999,
			2.4299999999999997,
			0.0,
			0.20999999999999999,
			0.32999999999999996,
			2.4299999999999997,
			0.87,
			1.1100000000000001,
			1.95,
			2.0099999999999998,
			1.95,
			1.5900000000000001,
			0.20999999999999999,
			1.47,
			0.87
		],
		[
			0.80999999999999994,
			1.5900000000000001,
			1.1700000000000002,
			0.56999999999999995,
			0.68999999999999995,
			0.74999999999999989,
			0.68999999999999995,
			0.80999999999999994,
			0.0,
			1.6500000000000001,
			1.5900000000000001,
			0.80999999999999994,
			0.74999999999999989,
			0.63,
			0.39000000000000001,
			0.56999999999999995,
			0.98999999999999988,
			0.14999999999999999,
			0.87,
			0.51000000000000001,
			0.74999999999999989,
			0.80999999999999994,
			1.71,
			1.5900000000000001,
			0.14999999999999999,
			0.63,
			1.6500000000000001,
			0.39000000000000001,
			1.05,
			1.4099999999999999,
			0.20999999999999999,
			0.0,
			0.98999999999999988,
			0.74999999999999989,
			0.32999999999999996,
			0.56999999999999995,
			0.44999999999999996,
			1.53,
			0.51000000000000001,
			1.29,
			0.14999999999999999,
			0.20999999999999999,
			1.05,
			1.5900000000000001,
			0.39000000000000001,
			0.51000000000000001,
			0.80999999999999994,
			0.87,
			0.32999999999999996,
			0.27000000000000002,
			0.98999999999999988,
			0.44999999999999996,
			0.39000000000000001,
			0.44999999999999996,
			1.29,
			0.44999999999999996,
			1.05,
			0.74999999999999989,
			1.1700000000000002,
			1.71,
			0.80999999999999994,
			0.68999999999999995,
			0.56999999999999995,
			1.71,
			0.14999999999999999,
			0.39000000000000001,
			1.23,
			1.29,
			1.23,
			0.87,
			0.68999999999999995,
			0.74999999999999989,
			0.14999999999999999
		],
		[
			2.3699999999999997,
			0.14999999999999999,
			0.56999999999999995,
			2.1299999999999999,
			1.05,
			0.98999999999999988,
			1.05,
			2.3699999999999997,
			1.6500000000000001,
			0.0,
			0.14999999999999999,
			0.92999999999999994,
			2.3099999999999996,
			1.1100000000000001,
			1.3500000000000001,
			1.1700000000000002,
			0.74999999999999989,
			1.5900000000000001,
			0.87,
			1.23,
			2.3099999999999996,
			2.3699999999999997,
			0.14999999999999999,
			0.14999999999999999,
			1.71,
			1.1100000000000001,
			0.0,
			1.95,
			0.68999999999999995,
			0.32999999999999996,
			1.77,
			1.6500000000000001,
			0.74999999999999989,
			2.3099999999999996,
			1.8899999999999999,
			1.1700000000000002,
			2.0099999999999998,
			0.20999999999999999,
			2.0699999999999998,
			0.44999999999999996,
			1.71,
			1.53,
			0.68999999999999995,
			0.14999999999999999,
			1.3500000000000001,
			2.0699999999999998,
			0.92999999999999994,
			0.87,
			1.8899999999999999,
			1.47,
			0.74999999999999989,
			1.29,
			1.3500000000000001,
			2.0099999999999998,
			0.44999999999999996,
			1.29,
			0.68999999999999995,
			0.98999999999999988,
			0.56999999999999995,
			0.14999999999999999,
			2.3699999999999997,
			2.25,
			2.1299999999999999,
			0.14999999999999999,
			1.5900000000000001,
			1.3500000000000001,
			0.51000000000000001,
			0.44999999999999996,
			0.51000000000000001,
			0.87,
			2.25,
			0.98999999999999988,
			1.5900000000000001
		],
		[
			2.3099999999999996,
			0.0,
			0.51000000000000001,
			2.0699999999999998,
			0.98999999999999988,
			0.92999999999999994,
			0.98999999999999988,
			2.3099999999999996,
			1.5900000000000001,
			0.14999999999999999,
			0.0,
			0.87,
			2.25,
			1.05,
			1.29,
			1.1100000000000001,
			0.68999999999999995,
			1.53,
			0.80999999999999994,
			1.1700000000000002,
			2.25,
			2.3099999999999996,
			0.20999999999999999,
			0.0,
			1.6500000000000001,
			1.05,
			0.14999999999999999,
			1.8899999999999999,
			0.63,
			0.27000000000000002,
			1.71,
			1.5900000000000001,
			0.68999999999999995,
			2.25,
			1.8300000000000001,
			1.1100000000000001,
			1.95,
			0.14999999999999999,
			2.0099999999999998,
			0.39000000000000001,
			1.6500000000000001,
			1.47,
			0.63,
			0.0,
			1.29,
			2.0099999999999998,
			0.87,
			0.80999999999999994,
			1.8300000000000001,
			1.4099999999999999,
			0.68999999999999995,
			1.23,
			1.29,
			1.95,
			0.39000000000000001,
			1.23,
			0.63,
			0.92999999999999994,
			0.51000000000000001,
			0.20999999999999999,
			2.3099999999999996,
			2.1899999999999999,
			2.0699999999999998,
			0.20999999999999999,
			1.53,
			1.29,
			0.44999999999999996,
			0.39000000000000001,
			0.44999999999999996,
			0.80999999999999994,
			2.1899999999999999,
			0.92999999999999994,
			1.53
		],
		[
			1.53,
			0.87,
			0.44999999999999996,
			1.29,
			0.20999999999999999,
			0.14999999999999999,
			0.20999999999999999,
			1.53,
			0.80999999999999994,
			0.92999999999999994,
			0.87,
			0.0,
			1.47,
			0.27000000000000002,
			0.51000000000000001,
			0.32999999999999996,
			0.27000000000000002,
			0.74999999999999989,
			0.14999999999999999,
			0.39000000000000001,
			1.47,
			1.53,
			0.98999999999999988,
			0.87,
			0.87,
			0.27000000000000002,
			0.92999999999999994,
			1.1100000000000001,
			0.32999999999999996,
			0.68999999999999995,
			0.92999999999999994,
			0.80999999999999994,
			0.27000000000000002,
			1.47,
			1.05,
			0.32999999999999996,
			1.1700000000000002,
			0.80999999999999994,
			1.23,
			0.56999999999999995,
			0.87,
			0.68999999999999995,
			0.32999999999999996,
			0.87,
			0.51000000000000001,
			1.23,
			0.0,
			0.14999999999999999,
			1.05,
			0.63,
			0.27000000000000002,
			0.44999999999999996,
			0.51000000000000001,
			1.1700000000000002,
			0.56999999999999995,
			0.44999999999999996,
			0.32999999999999996,
			0.14999999999999999,
			0.44999999999999996,
			0.98999999999999988,
			1.53,
			1.4099999999999999,
			1.29,
			0.98999999999999988,
			0.74999999999999989,
			0.51000000000000001,
			0.51000000000000001,
			0.56999999999999995,
			0.51000000000000001,
			0.14999999999999999,
			1.4099999999999999,
			0.14999999999999999,
			0.74999999999999989
		],
		[
			0.14999999999999999,
			2.25,
			1.8300000000000001,
			0.27000000000000002,
			1.3500000000000001,
			1.4099999999999999,
			1.3500000000000001,
			0.14999999999999999,
			0.74999999999999989,
			2.3099999999999996,
			2.25,
			1.47,
			0.0,
			1.29,
			1.05,
			1.23,
			1.6500000000000001,
			0.80999999999999994,
			1.53,
			1.1700000000000002,
			0.0,
			0.14999999999999999,
			2.3699999999999997,
			2.25,
			0.68999999999999995,
			1.29,
			2.3099999999999996,
			0.44999999999999996,
			1.71,
			2.0699999999999998,
			0.63,
			0.74999999999999989,
			1.6500000000000001,
			0.0,
			0.51000000000000001,
			1.23,
			0.39000000000000001,
			2.1899999999999999,
			0.32999999999999996,
			1.95,
			0.68999999999999995,
			0.87,
			1.71,
			2.25,
			1.05,
			0.32999999999999996,
			1.47,
			1.53,
			0.51000000000000001,
			0.92999999999999994,
			1.6500000000000001,
			1.1100000000000001,
			1.05,
			0.39000000000000001,
			1.95,
			1.1100000000000001,
			1.71,
			1.4099999999999999,
			1.8300000000000001,
			2.3699999999999997,
			0.14999999999999999,
			0.14999999999999999,
			0.27000000000000002,
			2.3699999999999997,
			0.80999999999999994,
			1.05,
			1.8899999999999999,
			1.95,
			1.8899999999999999,
			1.53,
			0.14999999999999999,
			1.4099999999999999,
			0.80999999999999994
		],
		[
			1.3500000000000001,
			1.05,
			0.63,
			1.1100000000000001,
			0.14999999999999999,
			0.20999999999999999,
			0.14999999999999999,
			1.3500000000000001,
			0.63,
			1.1100000000000001,
			1.05,
			0.27000000000000002,
			1.29,
			0.0,
			0.32999999999999996,
			0.14999999999999999,
			0.44999999999999996,
			0.56999999999999995,
			0.32999999999999996,
			0.20999999999999999,
			1.29,
			1.3500000000000001,
			1.1700000000000002,
			1.05,
			0.68999999999999995,
			0.0,
			1.1100000000000001,
			0.92999999999999994,
			0.51000000000000001,
			0.87,
			0.74999999999999989,
			0.63,
			0.44999999999999996,
			1.29,
			0.87,
			0.14999999999999999,
			0.98999999999999988,
			0.98999999999999988,
			1.05,
			0.74999999999999989,
			0.68999999999999995,
			0.51000000000000001,
			0.51000000000000001,
			1.05,
			0.32999999999999996,
			1.05,
			0.27000000000000002,
			0.32999999999999996,
			0.87,
			0.44999999999999996,
			0.44999999999999996,
			0.27000000000000002,
			0.32999999999999996,
			0.98999999999999988,
			0.74999999999999989,
			0.27000000000000002,
			0.51000000000000001,
			0.20999999999999999,
			0.63,
			1.1700000000000002,
			1.3500000000000001,
			1.23,
			1.1100000000000001,
			1.1700000000000002,
			0.56999999999999995,
			0.32999999999999996,
			0.68999999999999995,
			0.74999999999999989,
			0.68999999999999995,
			0.32999999999999996,
			1.23,
			0.20999999999999999,
			0.56999999999999995
		],
		[
			1.1100000000000001,
			1.29,
			0.87,
			0.87,
			0.39000000000000001,
			0.44999999999999996,
			0.39000000000000001,
			1.1100000000000001,
			0.39000000000000001,
			1.3500000000000001,
			1.29,
			0.51000000000000001,
			1.05,
			0.32999999999999996,
			0.0,
			0.27000000000000002,
			0.68999999999999995,
			0.32999999999999996,
			0.56999999999999995,
			0.20999999999999999,
			1.05,
			1.1100000000000001,
			1.4099999999999999,
			1.29,
			0.44999999999999996,
			0.32999999999999996,
			1.3500000000000001,
			0.68999999999999995,
			0.74999999999999989,
			1.1100000000000001,
			0.51000000000000001,
			0.39000000000000001,
			0.68999999999999995,
			1.05,
			0.63,
			0.27000000000000002,
			0.74999999999999989,
			1.23,
			0.80999999999999994,
			0.98999999999999988,
			0.44999999999999996,
			0.27000000000000002,
			0.74999999999999989,
			1.29,
			0.0,
			0.80999999999999994,
			0.51000000000000001,
			0.56999999999999995,
			0.63,
			0.20999999999999999,
			0.68999999999999995,
			0.14999999999999999,
			0.0,
			0.74999999999999989,
			0.98999999999999988,
			0.14999999999999999,
			0.74999999999999989,
			0.44999999999999996,
			0.87,
			1.4099999999999999,
			1.1100000000000001,
			0.98999999999999988,
			0.87,
			1.4099999999999999,
			0.32999999999999996,
			0.0,
			0.92999999999999994,
			0.98999999999999988,
			0.92999999999999994,
			0.56999999999999995,
			0.98999999999999988,
			0.44999999999999996,
			0.32999999999999996
		],
		[
			1.29,
			1.1100000000000001,
			0.68999999999999995,
			1.05,
			0.20999999999999999,
			0.27000000000000002,
			0.20999999999999999,
			1.29,
			0.56999999999999995,
			1.1700000000000002,
			1.1100000000000001,
			0.32999999999999996,
			1.23,
			0.14999999999999999,
			0.27000000000000002,
			0.0,
			0.51000000000000001,
			0.51000000000000001,
			0.39000000000000001,
			0.14999999999999999,
			1.23,
			1.29,
			1.23,
			1.1100000000000001,
			0.63,
			0.14999999999999999,
			1.1700000000000002,
			0.87,
			0.56999999999999995,
			0.92999999999999994,
			0.68999999999999995,
			0.56999999999999995,
			0.51000000000000001,
			1.23,
			0.80999999999999994,
			0.0,
			0.92999999999999994,
			1.05,
			0.98999999999999988,
			0.80999999999999994,
			0.63,
			0.44999999999999996,
			0.56999999999999995,
			1.1100000000000001,
			0.27000000000000002,
			0.98999999999999988,
			0.32999999999999996,
			0.39000000000000001,
			0.80999999999999994,
			0.39000000000000001,
			0.51000000000000001,
			0.20999999999999999,
			0.27000000000000002,
			0.92999999999999994,
			0.80999999999999994,
			0.20999999999999999,
			0.56999999999999995,
			0.27000000000000002,
			0.68999999999999995,
			1.23,
			1.29,
			1.1700000000000002,
			1.05,
			1.23,
			0.51000000000000001,
			0.27000000000000002,
			0.74999999999999989,
			0.80999999999999994,
			0.74999999999999989,
			0.39000000000000001,
			1.1700000000000002,
			0.27000000000000002,
			0.51000000000000001
		],
		[
			1.71,
			0.68999999999999995,
			0.27000000000000002,
			1.47,
			0.39000000000000001,
			0.32999999999999996,
			0.39000000000000001,
			1.71,
			0.98999999999999988,
			0.74999999999999989,
			0.68999999999999995,
			0.27000000000000002,
			1.6500000000000001,
			0.44999999999999996,
			0.68999999999999995,
			0.51000000000000001,
			0.0,
			0.92999999999999994,
			0.20999999999999999,
			0.56999999999999995,
			1.6500000000000001,
			1.71,
			0.80999999999999994,
			0.68999999999999995,
			1.05,
			0.44999999999999996,
			0.74999999999999989,
			1.29,
			0.14999999999999999,
			0.51000000000000001,
			1.1100000000000001,
			0.98999999999999988,
			0.0,
			1.6500000000000001,
			1.23,
			0.51000000000000001,
			1.3500000000000001,
			0.63,
			1.4099999999999999,
			0.39000000000000001,
			1.05,
			0.87,
			0.14999999999999999,
			0.68999999999999995,
			0.68999999999999995,
			1.4099999999999999,
			0.27000000000000002,
			0.20999999999999999,
			1.23,
			0.80999999999999994,
			0.0,
			0.63,
			0.68999999999999995,
			1.3500000000000001,
			0.39000000000000001,
			0.63,
			0.14999999999999999,
			0.32999999999999996,
			0.27000000000000002,
			0.80999999999999994,
			1.71,
			1.5900000000000001,
			1.47,
			0.80999999999999994,
			0.92999999999999994,
			0.68999999999999995,
			0.32999999999999996,
			0.39000000000000001,
			0.32999999999999996,
			0.20999999999999999,
			1.5900000000000001,
			0.32999999999999996,
			0.92999999999999994
		],
		[
			0.87,
			1.53,
			1.1100000000000001,
			0.63,
			0.63,
			0.68999999999999995,
			0.63,
			0.87,
			0.14999999999999999,
			1.5900000000000001,
			1.53,
			0.74999999999999989,
			0.80999999999999994,
			0.56999999999999995,
			0.32999999999999996,
			0.51000000000000001,
			0.92999999999999994,
			0.0,
			0.80999999999999994,
			0.44999999999999996,
			0.80999999999999994,
			0.87,
			1.6500000000000001,
			1.53,
			0.20999999999999999,
			0.56999999999999995,
			1.5900000000000001,
			0.44999999999999996,
			0.98999999999999988,
			1.3500000000000001,
			0.27000000000000002,
			0.14999999999999999,
			0.92999999999999994,
			0.80999999999999994,
			0.39000000000000001,
			0.51000000000000001,
			0.51000000000000001,
			1.47,
			0.56999999999999995,
			1.23,
			0.20999999999999999,
			0.14999999999999999,
			0.98999999999999988,
			1.53,
			0.32999999999999996,
			0.56999999999999995,
			0.74999999999999989,
			0.80999999999999994,
			0.39000000000000001,
			0.20999999999999999,
			0.92999999999999994,
			0.39000000000000001,
			0.32999999999999996,
			0.51000000000000001,
			1.23,
			0.39000000000000001,
			0.98999999999999988,
			0.68999999999999995,
			1.1100000000000001,
			1.6500000000000001,
			0.87,
			0.74999999999999989,
			0.63,
			1.6500000000000001,
			0.0,
			0.32999999999999996,
			1.1700000000000002,
			1.23,
			1.1700000000000002,
			0.80999999999999994,
			0.74999999999999989,
			0.68999999999999995,
			0.0
		],
		[
			1.5900000000000001,
			0.80999999999999994,
			0.39000000000000001,
			1.3500000000000001,
			0.27000000000000002,
			0.20999999999999999,
			0.27000000000000002,
			1.5900000000000001,
