{
	"instance_setting" : 
	{
		"average_number_of_tasks_executed_by_yc_per_hour" : 18,
		"external_task_ratio" : 0.5,
		"instance_id" : 74,
		"number_of_external_tasks" : 36,
		"number_of_internal_tasks" : 36,
		"number_of_tasks" : 72,
		"planning_window_length_in_hours" : 4.0
	},
	"offline_optimal" : 476.07999999999993,
	"offline_solution_computation_time_in_seconds" : 1.3259251999999999,
	"offline_solution_task_sequence" : 
	[
		0,
		37,
		38,
		39,
		1,
		2,
		3,
		4,
		5,
		40,
		6,
		41,
		7,
		8,
		9,
		10,
		42,
		43,
		11,
		12,
		13,
		44,
		45,
		14,
		15,
		46,
		16,
		47,
		17,
		48,
		18,
		19,
		20,
		21,
		49,
		22,
		50,
		51,
		52,
		23,
		53,
		54,
		55,
		24,
		56,
		25,
		27,
		26,
		57,
		58,
		59,
		28,
		30,
		60,
		29,
		32,
		31,
		61,
		33,
		34,
		35,
		67,
		63,
		64,
		68,
		36,
		70,
		71,
		72,
		65,
		62,
		69,
		66
	],
	"tasks" : 
	[
		{
			"due_date" : 0.0,
			"id" : 0,
			"is_internal" : true,
			"processing_time" : 0.0,
			"release_time" : 0.0,
			"tardiness_weight" : 0.0
		},
		{
			"due_date" : 22.5,
			"id" : 1,
			"is_internal" : true,
			"processing_time" : 3.4100000000000001,
			"release_time" : 18.989999999999998,
			"tardiness_weight" : 3.0
		},
		{
			"due_date" : 25.23,
			"id" : 2,
			"is_internal" : true,
			"processing_time" : 3.6600000000000001,
			"release_time" : 20.449999999999999,
			"tardiness_weight" : 3.0
		},
		{
			"due_date" : 26.940000000000001,
			"id" : 3,
			"is_internal" : true,
			"processing_time" : 2.5,
			"release_time" : 20.98,
			"tardiness_weight" : 3.0
		},
		{
			"due_date" : 29.719999999999999,
			"id" : 4,
			"is_internal" : true,
			"processing_time" : 2.3500000000000001,
			"release_time" : 25.129999999999999,
			"tardiness_weight" : 4.0
		},
		{
			"due_date" : 32.039999999999999,
			"id" : 5,
			"is_internal" : true,
			"processing_time" : 2.52,
			"release_time" : 27.609999999999999,
			"tardiness_weight" : 3.0
		},
		{
			"due_date" : 43.520000000000003,
			"id" : 6,
			"is_internal" : true,
			"processing_time" : 3.2799999999999998,
			"release_time" : 38.32,
			"tardiness_weight" : 4.0
		},
		{
			"due_date" : 54.43,
			"id" : 7,
			"is_internal" : true,
			"processing_time" : 2.4399999999999999,
			"release_time" : 49.619999999999997,
			"tardiness_weight" : 3.0
		},
		{
			"due_date" : 54.630000000000003,
			"id" : 8,
			"is_internal" : true,
			"processing_time" : 3.79,
			"release_time" : 49.630000000000003,
			"tardiness_weight" : 3.0
		},
		{
			"due_date" : 59.530000000000001,
			"id" : 9,
			"is_internal" : true,
			"processing_time" : 2.9100000000000001,
			"release_time" : 53.840000000000003,
			"tardiness_weight" : 4.0
		},
		{
			"due_date" : 65.5,
			"id" : 10,
			"is_internal" : true,
			"processing_time" : 2.1899999999999999,
			"release_time" : 61.170000000000002,
			"tardiness_weight" : 3.0
		},
		{
			"due_date" : 77.870000000000005,
			"id" : 11,
			"is_internal" : true,
			"processing_time" : 2.5299999999999998,
			"release_time" : 74.840000000000003,
			"tardiness_weight" : 4.0
		},
		{
			"due_date" : 82.549999999999997,
			"id" : 12,
			"is_internal" : true,
			"processing_time" : 3.1899999999999999,
			"release_time" : 78.75,
			"tardiness_weight" : 3.0
		},
		{
			"due_date" : 84.400000000000006,
			"id" : 13,
			"is_internal" : true,
			"processing_time" : 2.5,
			"release_time" : 81.780000000000001,
			"tardiness_weight" : 3.0
		},
		{
			"due_date" : 93.879999999999995,
			"id" : 14,
			"is_internal" : true,
			"processing_time" : 2.27,
			"release_time" : 90.989999999999995,
			"tardiness_weight" : 3.0
		},
		{
			"due_date" : 96.640000000000001,
			"id" : 15,
			"is_internal" : true,
			"processing_time" : 2.3399999999999999,
			"release_time" : 92.450000000000003,
			"tardiness_weight" : 4.0
		},
		{
			"due_date" : 98.109999999999999,
			"id" : 16,
			"is_internal" : true,
			"processing_time" : 2.6499999999999999,
			"release_time" : 92.409999999999997,
			"tardiness_weight" : 3.0
		},
		{
			"due_date" : 111.95999999999999,
			"id" : 17,
			"is_internal" : true,
			"processing_time" : 3.6499999999999999,
			"release_time" : 106.23,
			"tardiness_weight" : 3.0
		},
		{
			"due_date" : 113.95,
			"id" : 18,
			"is_internal" : true,
			"processing_time" : 3.6899999999999999,
			"release_time" : 109.79000000000001,
			"tardiness_weight" : 4.0
		},
		{
			"due_date" : 118.09,
			"id" : 19,
			"is_internal" : true,
			"processing_time" : 3.2000000000000002,
			"release_time" : 112.19,
			"tardiness_weight" : 3.0
		},
		{
			"due_date" : 121.89,
			"id" : 20,
			"is_internal" : true,
			"processing_time" : 2.9399999999999999,
			"release_time" : 118.09999999999999,
			"tardiness_weight" : 4.0
		},
		{
			"due_date" : 126.28,
			"id" : 21,
			"is_internal" : true,
			"processing_time" : 3.1899999999999999,
			"release_time" : 122.27,
			"tardiness_weight" : 4.0
		},
		{
			"due_date" : 130.72999999999999,
			"id" : 22,
			"is_internal" : true,
			"processing_time" : 3.0600000000000001,
			"release_time" : 125.89,
			"tardiness_weight" : 4.0
		},
		{
			"due_date" : 135.41,
			"id" : 23,
			"is_internal" : true,
			"processing_time" : 3.7599999999999998,
			"release_time" : 131.49000000000001,
			"tardiness_weight" : 3.0
		},
		{
			"due_date" : 154.68000000000001,
			"id" : 24,
			"is_internal" : true,
			"processing_time" : 2.04,
			"release_time" : 152.06,
			"tardiness_weight" : 3.0
		},
		{
			"due_date" : 158.49000000000001,
			"id" : 25,
			"is_internal" : true,
			"processing_time" : 3.1600000000000001,
			"release_time" : 153.59,
			"tardiness_weight" : 4.0
		},
		{
			"due_date" : 160.62,
			"id" : 26,
			"is_internal" : true,
			"processing_time" : 2.0099999999999998,
			"release_time" : 158.49000000000001,
			"tardiness_weight" : 4.0
		},
		{
			"due_date" : 164.03,
			"id" : 27,
			"is_internal" : true,
			"processing_time" : 2.9500000000000002,
			"release_time" : 159.84,
			"tardiness_weight" : 4.0
		},
		{
			"due_date" : 181.99000000000001,
			"id" : 28,
			"is_internal" : true,
			"processing_time" : 3.2999999999999998,
			"release_time" : 177.06999999999999,
			"tardiness_weight" : 3.0
		},
		{
			"due_date" : 185.0,
			"id" : 29,
			"is_internal" : true,
			"processing_time" : 3.6299999999999999,
			"release_time" : 180.55000000000001,
			"tardiness_weight" : 4.0
		},
		{
			"due_date" : 186.93000000000001,
			"id" : 30,
			"is_internal" : true,
			"processing_time" : 2.8199999999999998,
			"release_time" : 182.63,
			"tardiness_weight" : 3.0
		},
		{
			"due_date" : 193.33000000000001,
			"id" : 31,
			"is_internal" : true,
			"processing_time" : 3.6099999999999999,
			"release_time" : 187.74000000000001,
			"tardiness_weight" : 3.0
		},
		{
			"due_date" : 196.97,
			"id" : 32,
			"is_internal" : true,
			"processing_time" : 2.8300000000000001,
			"release_time" : 192.03999999999999,
			"tardiness_weight" : 4.0
		},
		{
			"due_date" : 203.63999999999999,
			"id" : 33,
			"is_internal" : true,
			"processing_time" : 3.1400000000000001,
			"release_time" : 200.16999999999999,
			"tardiness_weight" : 4.0
		},
		{
			"due_date" : 205.81999999999999,
			"id" : 34,
			"is_internal" : true,
			"processing_time" : 2.1200000000000001,
			"release_time" : 200.03,
			"tardiness_weight" : 4.0
		},
		{
			"due_date" : 212.44,
			"id" : 35,
			"is_internal" : true,
			"processing_time" : 3.6499999999999999,
			"release_time" : 207.53,
			"tardiness_weight" : 4.0
		},
		{
			"due_date" : 225.15000000000001,
			"id" : 36,
			"is_internal" : true,
			"processing_time" : 2.7400000000000002,
			"release_time" : 221.99000000000001,
			"tardiness_weight" : 4.0
		},
		{
			"due_date" : 3.9699999999999998,
			"id" : 37,
			"is_internal" : false,
			"processing_time" : 2.0,
			"release_time" : 1.97,
			"tardiness_weight" : 1.0
		},
		{
			"due_date" : 6.6699999999999999,
			"id" : 38,
			"is_internal" : false,
			"processing_time" : 2.0,
			"release_time" : 4.6699999999999999,
			"tardiness_weight" : 1.0
		},
		{
			"due_date" : 15.529999999999999,
			"id" : 39,
			"is_internal" : false,
			"processing_time" : 2.0,
			"release_time" : 13.529999999999999,
			"tardiness_weight" : 1.0
		},
		{
			"due_date" : 35.549999999999997,
			"id" : 40,
			"is_internal" : false,
			"processing_time" : 2.0,
			"release_time" : 33.549999999999997,
			"tardiness_weight" : 1.0
		},
		{
			"due_date" : 48.729999999999997,
			"id" : 41,
			"is_internal" : false,
			"processing_time" : 2.0,
			"release_time" : 46.729999999999997,
			"tardiness_weight" : 1.0
		},
		{
			"due_date" : 64.569999999999993,
			"id" : 42,
			"is_internal" : false,
			"processing_time" : 2.0,
			"release_time" : 62.57,
			"tardiness_weight" : 1.0
		},
		{
			"due_date" : 67.400000000000006,
			"id" : 43,
			"is_internal" : false,
			"processing_time" : 2.0,
			"release_time" : 65.400000000000006,
			"tardiness_weight" : 1.0
		},
		{
			"due_date" : 82.430000000000007,
			"id" : 44,
			"is_internal" : false,
			"processing_time" : 2.0,
			"release_time" : 80.430000000000007,
			"tardiness_weight" : 1.0
		},
		{
			"due_date" : 87.010000000000005,
			"id" : 45,
			"is_internal" : false,
			"processing_time" : 2.0,
			"release_time" : 85.010000000000005,
			"tardiness_weight" : 1.0
		},
		{
			"due_date" : 96.650000000000006,
			"id" : 46,
			"is_internal" : false,
			"processing_time" : 2.0,
			"release_time" : 94.650000000000006,
			"tardiness_weight" : 1.0
		},
		{
			"due_date" : 102.34999999999999,
			"id" : 47,
			"is_internal" : false,
			"processing_time" : 2.0,
			"release_time" : 100.34999999999999,
			"tardiness_weight" : 1.0
		},
		{
			"due_date" : 111.09,
			"id" : 48,
			"is_internal" : false,
			"processing_time" : 2.0,
			"release_time" : 109.09,
			"tardiness_weight" : 1.0
		},
		{
			"due_date" : 114.18000000000001,
			"id" : 49,
			"is_internal" : false,
			"processing_time" : 2.0,
			"release_time" : 112.18000000000001,
			"tardiness_weight" : 1.0
		},
		{
			"due_date" : 115.89,
			"id" : 50,
			"is_internal" : false,
			"processing_time" : 2.0,
			"release_time" : 113.89,
			"tardiness_weight" : 1.0
		},
		{
			"due_date" : 127.90000000000001,
			"id" : 51,
			"is_internal" : false,
			"processing_time" : 2.0,
			"release_time" : 125.90000000000001,
			"tardiness_weight" : 1.0
		},
		{
			"due_date" : 131.02000000000001,
			"id" : 52,
			"is_internal" : false,
			"processing_time" : 2.0,
			"release_time" : 129.02000000000001,
			"tardiness_weight" : 1.0
		},
		{
			"due_date" : 139.74000000000001,
			"id" : 53,
			"is_internal" : false,
			"processing_time" : 2.0,
			"release_time" : 137.74000000000001,
			"tardiness_weight" : 1.0
		},
		{
			"due_date" : 147.59,
			"id" : 54,
			"is_internal" : false,
			"processing_time" : 2.0,
			"release_time" : 145.59,
			"tardiness_weight" : 1.0
		},
		{
			"due_date" : 148.47,
			"id" : 55,
			"is_internal" : false,
			"processing_time" : 2.0,
			"release_time" : 146.47,
			"tardiness_weight" : 1.0
		},
		{
			"due_date" : 154.62,
			"id" : 56,
			"is_internal" : false,
			"processing_time" : 2.0,
			"release_time" : 152.62,
			"tardiness_weight" : 1.0
		},
		{
			"due_date" : 160.83000000000001,
			"id" : 57,
			"is_internal" : false,
			"processing_time" : 2.0,
			"release_time" : 158.83000000000001,
			"tardiness_weight" : 1.0
		},
		{
			"due_date" : 172.61000000000001,
			"id" : 58,
			"is_internal" : false,
			"processing_time" : 2.0,
			"release_time" : 170.61000000000001,
			"tardiness_weight" : 1.0
		},
		{
			"due_date" : 177.53999999999999,
			"id" : 59,
			"is_internal" : false,
			"processing_time" : 2.0,
			"release_time" : 175.53999999999999,
			"tardiness_weight" : 1.0
		},
		{
			"due_date" : 187.06999999999999,
			"id" : 60,
			"is_internal" : false,
			"processing_time" : 2.0,
			"release_time" : 185.06999999999999,
			"tardiness_weight" : 1.0
		},
		{
			"due_date" : 198.03999999999999,
			"id" : 61,
			"is_internal" : false,
			"processing_time" : 2.0,
			"release_time" : 196.03999999999999,
			"tardiness_weight" : 1.0
		},
		{
			"due_date" : 199.13999999999999,
			"id" : 62,
			"is_internal" : false,
			"processing_time" : 2.0,
			"release_time" : 197.13999999999999,
			"tardiness_weight" : 1.0
		},
		{
			"due_date" : 200.56,
			"id" : 63,
			"is_internal" : false,
			"processing_time" : 2.0,
			"release_time" : 198.56,
			"tardiness_weight" : 1.0
		},
		{
			"due_date" : 200.59,
			"id" : 64,
			"is_internal" : false,
			"processing_time" : 2.0,
			"release_time" : 198.59,
			"tardiness_weight" : 1.0
		},
		{
			"due_date" : 201.44,
			"id" : 65,
			"is_internal" : false,
			"processing_time" : 2.0,
			"release_time" : 199.44,
			"tardiness_weight" : 1.0
		},
		{
			"due_date" : 205.38,
			"id" : 66,
			"is_internal" : false,
			"processing_time" : 2.0,
			"release_time" : 203.38,
			"tardiness_weight" : 1.0
		},
		{
			"due_date" : 211.68000000000001,
			"id" : 67,
			"is_internal" : false,
			"processing_time" : 2.0,
			"release_time" : 209.68000000000001,
			"tardiness_weight" : 1.0
		},
		{
			"due_date" : 214.59999999999999,
			"id" : 68,
			"is_internal" : false,
			"processing_time" : 2.0,
			"release_time" : 212.59999999999999,
			"tardiness_weight" : 1.0
		},
		{
			"due_date" : 222.22999999999999,
			"id" : 69,
			"is_internal" : false,
			"processing_time" : 2.0,
			"release_time" : 220.22999999999999,
			"tardiness_weight" : 1.0
		},
		{
			"due_date" : 226.38999999999999,
			"id" : 70,
			"is_internal" : false,
			"processing_time" : 2.0,
			"release_time" : 224.38999999999999,
			"tardiness_weight" : 1.0
		},
		{
			"due_date" : 229.43000000000001,
			"id" : 71,
			"is_internal" : false,
			"processing_time" : 2.0,
			"release_time" : 227.43000000000001,
			"tardiness_weight" : 1.0
		},
		{
			"due_date" : 231.66999999999999,
			"id" : 72,
			"is_internal" : false,
			"processing_time" : 2.0,
			"release_time" : 229.66999999999999,
			"tardiness_weight" : 1.0
		}
	],
	"time_adjacency_matrix" : 
	[
		[
			0.0,
			0.56999999999999995,
			1.6500000000000001,
			1.77,
			1.4099999999999999,
			0.74999999999999989,
			0.44999999999999996,
			2.1899999999999999,
			0.39000000000000001,
			0.51000000000000001,
			0.74999999999999989,
			0.80999999999999994,
			2.25,
			2.0099999999999998,
			1.1700000000000002,
			1.1100000000000001,
			0.39000000000000001,
			0.56999999999999995,
			0.87,
			1.05,
			0.98999999999999988,
			1.23,
			1.77,
			1.05,
			0.87,
			2.4299999999999997,
			2.3099999999999996,
			2.4299999999999997,
			2.0099999999999998,
			0.98999999999999988,
			1.53,
			0.32999999999999996,
			1.05,
			0.32999999999999996,
			0.80999999999999994,
			0.80999999999999994,
			1.23,
			0.51000000000000001,
			0.14999999999999999,
			1.4099999999999999,
			1.1100000000000001,
			1.77,
			0.80999999999999994,
			0.14999999999999999,
			1.77,
			0.56999999999999995,
			0.92999999999999994,
			0.39000000000000001,
			0.51000000000000001,
			1.4099999999999999,
			1.8300000000000001,
			2.1299999999999999,
			2.1299999999999999,
			0.98999999999999988,
			0.27000000000000002,
			0.39000000000000001,
			1.23,
			0.98999999999999988,
			1.77,
			1.47,
			1.5900000000000001,
			0.20999999999999999,
			2.0699999999999998,
			0.56999999999999995,
			0.20999999999999999,
			2.0099999999999998,
			2.3099999999999996,
			0.87,
			1.5900000000000001,
			2.25,
			0.56999999999999995,
			0.92999999999999994,
			1.47
		],
		[
			0.56999999999999995,
			0.0,
			1.1700000000000002,
			1.29,
			0.92999999999999994,
			0.27000000000000002,
			0.20999999999999999,
			1.71,
			0.27000000000000002,
			0.14999999999999999,
			0.27000000000000002,
			0.32999999999999996,
			1.77,
			1.53,
			0.68999999999999995,
			0.63,
			0.27000000000000002,
			0.0,
			0.39000000000000001,
			0.56999999999999995,
			0.51000000000000001,
			0.74999999999999989,
			1.29,
			0.56999999999999995,
			0.39000000000000001,
			1.95,
			1.8300000000000001,
			1.95,
			1.53,
			0.51000000000000001,
			1.05,
			0.32999999999999996,
			0.56999999999999995,
			0.32999999999999996,
			0.32999999999999996,
			0.32999999999999996,
			0.74999999999999989,
			0.14999999999999999,
			0.51000000000000001,
			0.92999999999999994,
			0.63,
			1.29,
			0.32999999999999996,
			0.51000000000000001,
			1.29,
			0.0,
			0.44999999999999996,
			0.27000000000000002,
			0.14999999999999999,
			0.92999999999999994,
			1.3500000000000001,
			1.6500000000000001,
			1.6500000000000001,
			0.51000000000000001,
			0.39000000000000001,
			0.27000000000000002,
			0.74999999999999989,
			0.51000000000000001,
			1.29,
			0.98999999999999988,
			1.1100000000000001,
			0.44999999999999996,
			1.5900000000000001,
			0.0,
			0.44999999999999996,
			1.53,
			1.8300000000000001,
			0.39000000000000001,
			1.1100000000000001,
			1.77,
			0.0,
			0.44999999999999996,
			0.98999999999999988
		],
		[
			1.6500000000000001,
			1.1700000000000002,
			0.0,
			0.20999999999999999,
			0.32999999999999996,
			0.98999999999999988,
			1.29,
			0.63,
			1.3500000000000001,
			1.23,
			0.98999999999999988,
			0.92999999999999994,
			0.68999999999999995,
			0.44999999999999996,
			0.56999999999999995,
			0.63,
			1.3500000000000001,
			1.1700000000000002,
			0.87,
			0.68999999999999995,
			0.74999999999999989,
			0.51000000000000001,
			0.20999999999999999,
			0.68999999999999995,
			0.87,
			0.87,
			0.74999999999999989,
			0.87,
			0.44999999999999996,
			0.74999999999999989,
			0.20999999999999999,
			1.4099999999999999,
			0.68999999999999995,
			1.4099999999999999,
			0.92999999999999994,
			0.92999999999999994,
			0.51000000000000001,
			1.23,
			1.5900000000000001,
			0.32999999999999996,
			0.63,
			0.20999999999999999,
			0.92999999999999994,
			1.5900000000000001,
			0.20999999999999999,
			1.1700000000000002,
			0.80999999999999994,
			1.3500000000000001,
			1.23,
			0.32999999999999996,
			0.27000000000000002,
			0.56999999999999995,
			0.56999999999999995,
			0.74999999999999989,
			1.47,
			1.3500000000000001,
			0.51000000000000001,
			0.74999999999999989,
			0.20999999999999999,
			0.27000000000000002,
			0.14999999999999999,
			1.53,
			0.51000000000000001,
			1.1700000000000002,
			1.53,
			0.44999999999999996,
			0.74999999999999989,
			0.87,
			0.14999999999999999,
			0.68999999999999995,
			1.1700000000000002,
			0.80999999999999994,
			0.27000000000000002
		],
		[
			1.77,
			1.29,
			0.20999999999999999,
			0.0,
			0.44999999999999996,
			1.1100000000000001,
			1.4099999999999999,
			0.51000000000000001,
			1.47,
			1.3500000000000001,
			1.1100000000000001,
			1.05,
			0.56999999999999995,
			0.32999999999999996,
			0.68999999999999995,
			0.74999999999999989,
			1.47,
			1.29,
			0.98999999999999988,
			0.80999999999999994,
			0.87,
			0.63,
			0.0,
			0.80999999999999994,
			0.98999999999999988,
			0.74999999999999989,
			0.63,
			0.74999999999999989,
			0.32999999999999996,
			0.87,
			0.32999999999999996,
			1.53,
			0.80999999999999994,
			1.53,
			1.05,
			1.05,
			0.63,
			1.3500000000000001,
			1.71,
			0.44999999999999996,
			0.74999999999999989,
			0.0,
			1.05,
			1.71,
			0.0,
			1.29,
			0.92999999999999994,
			1.47,
			1.3500000000000001,
			0.44999999999999996,
			0.14999999999999999,
			0.44999999999999996,
			0.44999999999999996,
			0.87,
			1.5900000000000001,
			1.47,
			0.63,
			0.87,
			0.0,
			0.39000000000000001,
			0.27000000000000002,
			1.6500000000000001,
			0.39000000000000001,
			1.29,
			1.6500000000000001,
			0.32999999999999996,
			0.63,
			0.98999999999999988,
			0.27000000000000002,
			0.56999999999999995,
			1.29,
			0.92999999999999994,
			0.39000000000000001
		],
		[
			1.4099999999999999,
			0.92999999999999994,
			0.32999999999999996,
			0.44999999999999996,
			0.0,
			0.74999999999999989,
			1.05,
			0.87,
			1.1100000000000001,
			0.98999999999999988,
			0.74999999999999989,
			0.68999999999999995,
			0.92999999999999994,
			0.68999999999999995,
			0.32999999999999996,
			0.39000000000000001,
			1.1100000000000001,
			0.92999999999999994,
			0.63,
			0.44999999999999996,
			0.51000000000000001,
			0.27000000000000002,
			0.44999999999999996,
			0.44999999999999996,
			0.63,
			1.1100000000000001,
			0.98999999999999988,
			1.1100000000000001,
			0.68999999999999995,
			0.51000000000000001,
			0.20999999999999999,
			1.1700000000000002,
			0.44999999999999996,
			1.1700000000000002,
			0.68999999999999995,
			0.68999999999999995,
			0.27000000000000002,
			0.98999999999999988,
			1.3500000000000001,
			0.0,
			0.39000000000000001,
			0.44999999999999996,
			0.68999999999999995,
			1.3500000000000001,
			0.44999999999999996,
			0.92999999999999994,
			0.56999999999999995,
			1.1100000000000001,
			0.98999999999999988,
			0.0,
			0.51000000000000001,
			0.80999999999999994,
			0.80999999999999994,
			0.51000000000000001,
			1.23,
			1.1100000000000001,
			0.27000000000000002,
			0.51000000000000001,
			0.44999999999999996,
			0.14999999999999999,
			0.27000000000000002,
			1.29,
			0.74999999999999989,
			0.92999999999999994,
			1.29,
			0.68999999999999995,
			0.98999999999999988,
			0.63,
			0.27000000000000002,
			0.92999999999999994,
			0.92999999999999994,
			0.56999999999999995,
			0.14999999999999999
		],
		[
			0.74999999999999989,
			0.27000000000000002,
			0.98999999999999988,
			1.1100000000000001,
			0.74999999999999989,
			0.0,
			0.39000000000000001,
			1.53,
			0.44999999999999996,
			0.32999999999999996,
			0.0,
			0.14999999999999999,
			1.5900000000000001,
			1.3500000000000001,
			0.51000000000000001,
			0.44999999999999996,
			0.44999999999999996,
			0.27000000000000002,
			0.20999999999999999,
			0.39000000000000001,
			0.32999999999999996,
			0.56999999999999995,
			1.1100000000000001,
			0.39000000000000001,
			0.20999999999999999,
			1.77,
			1.6500000000000001,
			1.77,
			1.3500000000000001,
			0.32999999999999996,
			0.87,
			0.51000000000000001,
			0.39000000000000001,
			0.51000000000000001,
			0.14999999999999999,
			0.14999999999999999,
			0.56999999999999995,
			0.32999999999999996,
			0.68999999999999995,
			0.74999999999999989,
			0.44999999999999996,
			1.1100000000000001,
			0.14999999999999999,
			0.68999999999999995,
			1.1100000000000001,
			0.27000000000000002,
			0.27000000000000002,
			0.44999999999999996,
			0.32999999999999996,
			0.74999999999999989,
			1.1700000000000002,
			1.47,
			1.47,
			0.32999999999999996,
			0.56999999999999995,
			0.44999999999999996,
			0.56999999999999995,
			0.32999999999999996,
			1.1100000000000001,
			0.80999999999999994,
			0.92999999999999994,
			0.63,
			1.4099999999999999,
			0.27000000000000002,
			0.63,
			1.3500000000000001,
			1.6500000000000001,
			0.20999999999999999,
			0.92999999999999994,
			1.5900000000000001,
			0.27000000000000002,
			0.27000000000000002,
			0.80999999999999994
		],
		[
			0.44999999999999996,
			0.20999999999999999,
			1.29,
			1.4099999999999999,
			1.05,
			0.39000000000000001,
			0.0,
			1.8300000000000001,
			0.14999999999999999,
			0.14999999999999999,
			0.39000000000000001,
			0.44999999999999996,
			1.8899999999999999,
			1.6500000000000001,
			0.80999999999999994,
			0.74999999999999989,
			0.14999999999999999,
			0.20999999999999999,
			0.51000000000000001,
			0.68999999999999995,
			0.63,
			0.87,
			1.4099999999999999,
			0.68999999999999995,
			0.51000000000000001,
			2.0699999999999998,
			1.95,
			2.0699999999999998,
			1.6500000000000001,
			0.63,
			1.1700000000000002,
			0.20999999999999999,
			0.68999999999999995,
			0.20999999999999999,
			0.44999999999999996,
			0.44999999999999996,
			0.87,
			0.14999999999999999,
			0.39000000000000001,
			1.05,
			0.74999999999999989,
			1.4099999999999999,
			0.44999999999999996,
			0.39000000000000001,
			1.4099999999999999,
			0.20999999999999999,
			0.56999999999999995,
			0.14999999999999999,
			0.14999999999999999,
			1.05,
			1.47,
			1.77,
			1.77,
			0.63,
			0.27000000000000002,
			0.14999999999999999,
			0.87,
			0.63,
			1.4099999999999999,
			1.1100000000000001,
			1.23,
			0.32999999999999996,
			1.71,
			0.20999999999999999,
			0.32999999999999996,
			1.6500000000000001,
			1.95,
			0.51000000000000001,
			1.23,
			1.8899999999999999,
			0.20999999999999999,
			0.56999999999999995,
			1.1100000000000001
		],
		[
			2.1899999999999999,
			1.71,
			0.63,
			0.51000000000000001,
			0.87,
			1.53,
			1.8300000000000001,
			0.0,
			1.8899999999999999,
			1.77,
			1.53,
			1.47,
			0.14999999999999999,
			0.27000000000000002,
			1.1100000000000001,
			1.1700000000000002,
			1.8899999999999999,
			1.71,
			1.4099999999999999,
			1.23,
			1.29,
			1.05,
			0.51000000000000001,
			1.23,
			1.4099999999999999,
			0.32999999999999996,
			0.20999999999999999,
			0.32999999999999996,
			0.27000000000000002,
			1.29,
			0.74999999999999989,
			1.95,
			1.23,
			1.95,
			1.47,
			1.47,
			1.05,
			1.77,
			2.1299999999999999,
			0.87,
			1.1700000000000002,
			0.51000000000000001,
			1.47,
			2.1299999999999999,
			0.51000000000000001,
			1.71,
			1.3500000000000001,
			1.8899999999999999,
			1.77,
			0.87,
			0.44999999999999996,
			0.14999999999999999,
			0.14999999999999999,
			1.29,
			2.0099999999999998,
			1.8899999999999999,
			1.05,
			1.29,
			0.51000000000000001,
			0.80999999999999994,
			0.68999999999999995,
			2.0699999999999998,
			0.20999999999999999,
			1.71,
			2.0699999999999998,
			0.27000000000000002,
			0.20999999999999999,
			1.4099999999999999,
			0.68999999999999995,
			0.14999999999999999,
			1.71,
			1.3500000000000001,
			0.80999999999999994
		],
		[
			0.39000000000000001,
			0.27000000000000002,
			1.3500000000000001,
			1.47,
			1.1100000000000001,
			0.44999999999999996,
			0.14999999999999999,
			1.8899999999999999,
			0.0,
			0.20999999999999999,
			0.44999999999999996,
			0.51000000000000001,
			1.95,
			1.71,
			0.87,
			0.80999999999999994,
			0.0,
			0.27000000000000002,
			0.56999999999999995,
			0.74999999999999989,
			0.68999999999999995,
			0.92999999999999994,
			1.47,
			0.74999999999999989,
			0.56999999999999995,
			2.1299999999999999,
			2.0099999999999998,
			2.1299999999999999,
			1.71,
			0.68999999999999995,
			1.23,
			0.14999999999999999,
			0.74999999999999989,
			0.14999999999999999,
			0.51000000000000001,
			0.51000000000000001,
			0.92999999999999994,
			0.20999999999999999,
			0.32999999999999996,
			1.1100000000000001,
			0.80999999999999994,
			1.47,
			0.51000000000000001,
			0.32999999999999996,
			1.47,
			0.27000000000000002,
			0.63,
			0.0,
			0.20999999999999999,
			1.1100000000000001,
			1.53,
			1.8300000000000001,
			1.8300000000000001,
			0.68999999999999995,
			0.20999999999999999,
			0.0,
			0.92999999999999994,
			0.68999999999999995,
			1.47,
			1.1700000000000002,
			1.29,
			0.27000000000000002,
			1.77,
			0.27000000000000002,
			0.27000000000000002,
			1.71,
			2.0099999999999998,
			0.56999999999999995,
			1.29,
			1.95,
			0.27000000000000002,
			0.63,
			1.1700000000000002
		],
		[
			0.51000000000000001,
			0.14999999999999999,
			1.23,
			1.3500000000000001,
			0.98999999999999988,
			0.32999999999999996,
			0.14999999999999999,
			1.77,
			0.20999999999999999,
			0.0,
			0.32999999999999996,
			0.39000000000000001,
			1.8300000000000001,
			1.5900000000000001,
			0.74999999999999989,
			0.68999999999999995,
			0.20999999999999999,
			0.14999999999999999,
			0.44999999999999996,
			0.63,
			0.56999999999999995,
			0.80999999999999994,
			1.3500000000000001,
			0.63,
			0.44999999999999996,
			2.0099999999999998,
			1.8899999999999999,
			2.0099999999999998,
			1.5900000000000001,
			0.56999999999999995,
			1.1100000000000001,
			0.27000000000000002,
			0.63,
			0.27000000000000002,
			0.39000000000000001,
			0.39000000000000001,
			0.80999999999999994,
			0.0,
			0.44999999999999996,
			0.98999999999999988,
			0.68999999999999995,
			1.3500000000000001,
			0.39000000000000001,
			0.44999999999999996,
			1.3500000000000001,
			0.14999999999999999,
			0.51000000000000001,
			0.20999999999999999,
			0.0,
			0.98999999999999988,
			1.4099999999999999,
			1.71,
			1.71,
			0.56999999999999995,
			0.32999999999999996,
			0.20999999999999999,
			0.80999999999999994,
			0.56999999999999995,
			1.3500000000000001,
			1.05,
			1.1700000000000002,
			0.39000000000000001,
			1.6500000000000001,
			0.14999999999999999,
			0.39000000000000001,
			1.5900000000000001,
			1.8899999999999999,
			0.44999999999999996,
			1.1700000000000002,
			1.8300000000000001,
			0.14999999999999999,
			0.51000000000000001,
			1.05
		],
		[
			0.74999999999999989,
			0.27000000000000002,
			0.98999999999999988,
			1.1100000000000001,
			0.74999999999999989,
			0.0,
			0.39000000000000001,
			1.53,
			0.44999999999999996,
			0.32999999999999996,
			0.0,
			0.14999999999999999,
			1.5900000000000001,
			1.3500000000000001,
			0.51000000000000001,
			0.44999999999999996,
			0.44999999999999996,
			0.27000000000000002,
			0.20999999999999999,
			0.39000000000000001,
			0.32999999999999996,
			0.56999999999999995,
			1.1100000000000001,
			0.39000000000000001,
			0.20999999999999999,
			1.77,
			1.6500000000000001,
			1.77,
			1.3500000000000001,
			0.32999999999999996,
			0.87,
			0.51000000000000001,
			0.39000000000000001,
			0.51000000000000001,
			0.14999999999999999,
			0.14999999999999999,
			0.56999999999999995,
			0.32999999999999996,
			0.68999999999999995,
			0.74999999999999989,
			0.44999999999999996,
			1.1100000000000001,
			0.14999999999999999,
			0.68999999999999995,
			1.1100000000000001,
			0.27000000000000002,
			0.27000000000000002,
			0.44999999999999996,
			0.32999999999999996,
			0.74999999999999989,
			1.1700000000000002,
			1.47,
			1.47,
			0.32999999999999996,
			0.56999999999999995,
			0.44999999999999996,
			0.56999999999999995,
			0.32999999999999996,
			1.1100000000000001,
			0.80999999999999994,
			0.92999999999999994,
			0.63,
			1.4099999999999999,
			0.27000000000000002,
			0.63,
			1.3500000000000001,
			1.6500000000000001,
			0.20999999999999999,
			0.92999999999999994,
			1.5900000000000001,
			0.27000000000000002,
			0.27000000000000002,
			0.80999999999999994
		],
		[
			0.80999999999999994,
			0.32999999999999996,
			0.92999999999999994,
			1.05,
			0.68999999999999995,
			0.14999999999999999,
			0.44999999999999996,
			1.47,
			0.51000000000000001,
			0.39000000000000001,
			0.14999999999999999,
			0.0,
			1.53,
			1.29,
			0.44999999999999996,
			0.39000000000000001,
			0.51000000000000001,
			0.32999999999999996,
			0.14999999999999999,
			0.32999999999999996,
			0.27000000000000002,
			0.51000000000000001,
			1.05,
			0.32999999999999996,
			0.14999999999999999,
			1.71,
			1.5900000000000001,
			1.71,
			1.29,
			0.27000000000000002,
			0.80999999999999994,
			0.56999999999999995,
			0.32999999999999996,
			0.56999999999999995,
			0.0,
			0.0,
			0.51000000000000001,
			0.39000000000000001,
			0.74999999999999989,
			0.68999999999999995,
			0.39000000000000001,
			1.05,
			0.0,
			0.74999999999999989,
			1.05,
			0.32999999999999996,
			0.20999999999999999,
			0.51000000000000001,
			0.39000000000000001,
			0.68999999999999995,
			1.1100000000000001,
			1.4099999999999999,
			1.4099999999999999,
			0.27000000000000002,
			0.63,
			0.51000000000000001,
			0.51000000000000001,
			0.27000000000000002,
			1.05,
			0.74999999999999989,
			0.87,
			0.68999999999999995,
			1.3500000000000001,
			0.32999999999999996,
			0.68999999999999995,
			1.29,
			1.5900000000000001,
			0.14999999999999999,
			0.87,
			1.53,
			0.32999999999999996,
			0.20999999999999999,
			0.74999999999999989
		],
		[
			2.25,
			1.77,
			0.68999999999999995,
			0.56999999999999995,
			0.92999999999999994,
			1.5900000000000001,
			1.8899999999999999,
			0.14999999999999999,
			1.95,
			1.8300000000000001,
			1.5900000000000001,
			1.53,
			0.0,
			0.32999999999999996,
			1.1700000000000002,
			1.23,
			1.95,
			1.77,
			1.47,
			1.29,
			1.3500000000000001,
			1.1100000000000001,
			0.56999999999999995,
			1.29,
			1.47,
			0.27000000000000002,
			0.14999999999999999,
			0.27000000000000002,
			0.32999999999999996,
			1.3500000000000001,
			0.80999999999999994,
			2.0099999999999998,
			1.29,
			2.0099999999999998,
			1.53,
			1.53,
			1.1100000000000001,
			1.8300000000000001,
			2.1899999999999999,
			0.92999999999999994,
			1.23,
			0.56999999999999995,
			1.53,
			2.1899999999999999,
			0.56999999999999995,
			1.77,
			1.4099999999999999,
			1.95,
			1.8300000000000001,
			0.92999999999999994,
			0.51000000000000001,
			0.20999999999999999,
			0.20999999999999999,
			1.3500000000000001,
			2.0699999999999998,
			1.95,
			1.1100000000000001,
			1.3500000000000001,
			0.56999999999999995,
			0.87,
			0.74999999999999989,
			2.1299999999999999,
			0.27000000000000002,
			1.77,
			2.1299999999999999,
			0.32999999999999996,
			0.14999999999999999,
			1.47,
			0.74999999999999989,
			0.0,
			1.77,
			1.4099999999999999,
			0.87
		],
		[
			2.0099999999999998,
			1.53,
			0.44999999999999996,
			0.32999999999999996,
			0.68999999999999995,
			1.3500000000000001,
			1.6500000000000001,
			0.27000000000000002,
			1.71,
			1.5900000000000001,
			1.3500000000000001,
			1.29,
			0.32999999999999996,
			0.0,
			0.92999999999999994,
			0.98999999999999988,
			1.71,
			1.53,
			1.23,
			1.05,
			1.1100000000000001,
			0.87,
			0.32999999999999996,
			1.05,
			1.23,
			0.51000000000000001,
			0.39000000000000001,
			0.51000000000000001,
			0.0,
			1.1100000000000001,
			0.56999999999999995,
			1.77,
			1.05,
			1.77,
			1.29,
			1.29,
			0.87,
			1.5900000000000001,
			1.95,
			0.68999999999999995,
			0.98999999999999988,
			0.32999999999999996,
			1.29,
			1.95,
			0.32999999999999996,
			1.53,
			1.1700000000000002,
			1.71,
			1.5900000000000001,
			0.68999999999999995,
			0.27000000000000002,
			0.20999999999999999,
			0.20999999999999999,
			1.1100000000000001,
			1.8300000000000001,
			1.71,
			0.87,
			1.1100000000000001,
			0.32999999999999996,
			0.63,
			0.51000000000000001,
			1.8899999999999999,
			0.14999999999999999,
			1.53,
			1.8899999999999999,
			0.0,
			0.39000000000000001,
			1.23,
			0.51000000000000001,
			0.32999999999999996,
			1.53,
			1.1700000000000002,
			0.63
		],
		[
			1.1700000000000002,
			0.68999999999999995,
			0.56999999999999995,
			0.68999999999999995,
			0.32999999999999996,
			0.51000000000000001,
			0.80999999999999994,
			1.1100000000000001,
			0.87,
			0.74999999999999989,
			0.51000000000000001,
			0.44999999999999996,
			1.1700000000000002,
			0.92999999999999994,
			0.0,
			0.14999999999999999,
			0.87,
			0.68999999999999995,
			0.39000000000000001,
			0.20999999999999999,
			0.27000000000000002,
			0.14999999999999999,
			0.68999999999999995,
			0.20999999999999999,
			0.39000000000000001,
			1.3500000000000001,
			1.23,
			1.3500000000000001,
			0.92999999999999994,
			0.27000000000000002,
			0.44999999999999996,
			0.92999999999999994,
			0.20999999999999999,
			0.92999999999999994,
			0.44999999999999996,
			0.44999999999999996,
			0.14999999999999999,
			0.74999999999999989,
			1.1100000000000001,
			0.32999999999999996,
			0.14999999999999999,
			0.68999999999999995,
			0.44999999999999996,
			1.1100000000000001,
			0.68999999999999995,
			0.68999999999999995,
			0.32999999999999996,
			0.87,
			0.74999999999999989,
			0.32999999999999996,
			0.74999999999999989,
			1.05,
			1.05,
			0.27000000000000002,
			0.98999999999999988,
			0.87,
			0.14999999999999999,
			0.27000000000000002,
			0.68999999999999995,
			0.39000000000000001,
			0.51000000000000001,
			1.05,
			0.98999999999999988,
			0.68999999999999995,
			1.05,
			0.92999999999999994,
			1.23,
			0.39000000000000001,
			0.51000000000000001,
			1.1700000000000002,
			0.68999999999999995,
			0.32999999999999996,
			0.39000000000000001
		],
		[
			1.1100000000000001,
			0.63,
			0.63,
			0.74999999999999989,
			0.39000000000000001,
			0.44999999999999996,
			0.74999999999999989,
			1.1700000000000002,
			0.80999999999999994,
			0.68999999999999995,
			0.44999999999999996,
			0.39000000000000001,
			1.23,
			0.98999999999999988,
			0.14999999999999999,
			0.0,
			0.80999999999999994,
			0.63,
			0.32999999999999996,
			0.14999999999999999,
			0.20999999999999999,
			0.20999999999999999,
			0.74999999999999989,
			0.14999999999999999,
			0.32999999999999996,
			1.4099999999999999,
			1.29,
			1.4099999999999999,
			0.98999999999999988,
			0.20999999999999999,
			0.51000000000000001,
			0.87,
			0.14999999999999999,
			0.87,
			0.39000000000000001,
			0.39000000000000001,
			0.20999999999999999,
			0.68999999999999995,
			1.05,
			0.39000000000000001,
			0.0,
			0.74999999999999989,
			0.39000000000000001,
			1.05,
			0.74999999999999989,
			0.63,
			0.27000000000000002,
			0.80999999999999994,
			0.68999999999999995,
			0.39000000000000001,
			0.80999999999999994,
			1.1100000000000001,
			1.1100000000000001,
			0.20999999999999999,
			0.92999999999999994,
			0.80999999999999994,
			0.20999999999999999,
			0.20999999999999999,
			0.74999999999999989,
			0.44999999999999996,
			0.56999999999999995,
			0.98999999999999988,
			1.05,
			0.63,
			0.98999999999999988,
			0.98999999999999988,
			1.29,
			0.32999999999999996,
			0.56999999999999995,
			1.23,
			0.63,
			0.27000000000000002,
			0.44999999999999996
		],
		[
			0.39000000000000001,
			0.27000000000000002,
			1.3500000000000001,
			1.47,
			1.1100000000000001,
			0.44999999999999996,
			0.14999999999999999,
			1.8899999999999999,
			0.0,
			0.20999999999999999,
			0.44999999999999996,
			0.51000000000000001,
			1.95,
			1.71,
			0.87,
			0.80999999999999994,
			0.0,
			0.27000000000000002,
			0.56999999999999995,
			0.74999999999999989,
			0.68999999999999995,
			0.92999999999999994,
			1.47,
			0.74999999999999989,
			0.56999999999999995,
			2.1299999999999999,
			2.0099999999999998,
			2.1299999999999999,
			1.71,
			0.68999999999999995,
			1.23,
			0.14999999999999999,
			0.74999999999999989,
			0.14999999999999999,
			0.51000000000000001,
			0.51000000000000001,
			0.92999999999999994,
			0.20999999999999999,
			0.32999999999999996,
			1.1100000000000001,
			0.80999999999999994,
			1.47,
			0.51000000000000001,
			0.32999999999999996,
			1.47,
			0.27000000000000002,
			0.63,
			0.0,
			0.20999999999999999,
			1.1100000000000001,
			1.53,
			1.8300000000000001,
			1.8300000000000001,
			0.68999999999999995,
			0.20999999999999999,
			0.0,
			0.92999999999999994,
			0.68999999999999995,
			1.47,
			1.1700000000000002,
			1.29,
			0.27000000000000002,
			1.77,
			0.27000000000000002,
			0.27000000000000002,
			1.71,
			2.0099999999999998,
			0.56999999999999995,
			1.29,
			1.95,
			0.27000000000000002,
			0.63,
			1.1700000000000002
		],
		[
			0.56999999999999995,
			0.0,
			1.1700000000000002,
			1.29,
			0.92999999999999994,
			0.27000000000000002,
			0.20999999999999999,
			1.71,
			0.27000000000000002,
			0.14999999999999999,
			0.27000000000000002,
			0.32999999999999996,
			1.77,
			1.53,
			0.68999999999999995,
			0.63,
			0.27000000000000002,
			0.0,
			0.39000000000000001,
			0.56999999999999995,
			0.51000000000000001,
			0.74999999999999989,
			1.29,
			0.56999999999999995,
			0.39000000000000001,
			1.95,
			1.8300000000000001,
			1.95,
			1.53,
			0.51000000000000001,
			1.05,
			0.32999999999999996,
			0.56999999999999995,
			0.32999999999999996,
			0.32999999999999996,
			0.32999999999999996,
			0.74999999999999989,
			0.14999999999999999,
			0.51000000000000001,
			0.92999999999999994,
			0.63,
			1.29,
			0.32999999999999996,
			0.51000000000000001,
			1.29,
			0.0,
			0.44999999999999996,
			0.27000000000000002,
			0.14999999999999999,
			0.92999999999999994,
			1.3500000000000001,
			1.6500000000000001,
			1.6500000000000001,
			0.51000000000000001,
			0.39000000000000001,
			0.27000000000000002,
			0.74999999999999989,
			0.51000000000000001,
			1.29,
			0.98999999999999988,
			1.1100000000000001,
			0.44999999999999996,
			1.5900000000000001,
			0.0,
			0.44999999999999996,
			1.53,
			1.8300000000000001,
			0.39000000000000001,
			1.1100000000000001,
			1.77,
			0.0,
			0.44999999999999996,
