{
	"instance_setting" : 
	{
		"average_number_of_tasks_executed_by_yc_per_hour" : 18,
		"external_task_ratio" : 0.40000000000000002,
		"instance_id" : 56,
		"number_of_external_tasks" : 29,
		"number_of_internal_tasks" : 43,
		"number_of_tasks" : 72,
		"planning_window_length_in_hours" : 4.0
	},
	"offline_optimal" : 968.44999999999868,
	"offline_solution_computation_time_in_seconds" : 1.9427034000000001,
	"offline_solution_task_sequence" : 
	[
		0,
		1,
		3,
		2,
		6,
		5,
		4,
		44,
		46,
		7,
		45,
		8,
		48,
		47,
		9,
		10,
		49,
		11,
		50,
		12,
		13,
		51,
		14,
		15,
		17,
		18,
		16,
		19,
		56,
		20,
		23,
		54,
		55,
		24,
		21,
		25,
		22,
		26,
		57,
		52,
		27,
		53,
		28,
		60,
		29,
		58,
		59,
		61,
		32,
		31,
		33,
		36,
		35,
		30,
		34,
		37,
		63,
		39,
		38,
		40,
		62,
		65,
		66,
		69,
		68,
		64,
		67,
		70,
		41,
		43,
		42,
		71,
		72
	],
	"tasks" : 
	[
		{
			"due_date" : 0.0,
			"id" : 0,
			"is_internal" : true,
			"processing_time" : 0.0,
			"release_time" : 0.0,
			"tardiness_weight" : 0.0
		},
		{
			"due_date" : 12.48,
			"id" : 1,
			"is_internal" : true,
			"processing_time" : 3.9199999999999999,
			"release_time" : 6.4900000000000002,
			"tardiness_weight" : 3.0
		},
		{
			"due_date" : 21.620000000000001,
			"id" : 2,
			"is_internal" : true,
			"processing_time" : 2.3399999999999999,
			"release_time" : 18.050000000000001,
			"tardiness_weight" : 3.0
		},
		{
			"due_date" : 21.699999999999999,
			"id" : 3,
			"is_internal" : true,
			"processing_time" : 3.4700000000000002,
			"release_time" : 15.75,
			"tardiness_weight" : 4.0
		},
		{
			"due_date" : 22.350000000000001,
			"id" : 4,
			"is_internal" : true,
			"processing_time" : 3.04,
			"release_time" : 18.989999999999998,
			"tardiness_weight" : 3.0
		},
		{
			"due_date" : 24.809999999999999,
			"id" : 5,
			"is_internal" : true,
			"processing_time" : 3.75,
			"release_time" : 19.379999999999999,
			"tardiness_weight" : 4.0
		},
		{
			"due_date" : 25.620000000000001,
			"id" : 6,
			"is_internal" : true,
			"processing_time" : 2.71,
			"release_time" : 20.789999999999999,
			"tardiness_weight" : 4.0
		},
		{
			"due_date" : 40.079999999999998,
			"id" : 7,
			"is_internal" : true,
			"processing_time" : 3.77,
			"release_time" : 35.560000000000002,
			"tardiness_weight" : 3.0
		},
		{
			"due_date" : 46.990000000000002,
			"id" : 8,
			"is_internal" : true,
			"processing_time" : 2.4900000000000002,
			"release_time" : 44.32,
			"tardiness_weight" : 4.0
		},
		{
			"due_date" : 60.280000000000001,
			"id" : 9,
			"is_internal" : true,
			"processing_time" : 2.8700000000000001,
			"release_time" : 55.850000000000001,
			"tardiness_weight" : 3.0
		},
		{
			"due_date" : 65.569999999999993,
			"id" : 10,
			"is_internal" : true,
			"processing_time" : 3.75,
			"release_time" : 61.689999999999998,
			"tardiness_weight" : 3.0
		},
		{
			"due_date" : 73.379999999999995,
			"id" : 11,
			"is_internal" : true,
			"processing_time" : 2.2799999999999998,
			"release_time" : 71.010000000000005,
			"tardiness_weight" : 3.0
		},
		{
			"due_date" : 80.310000000000002,
			"id" : 12,
			"is_internal" : true,
			"processing_time" : 3.3900000000000001,
			"release_time" : 75.680000000000007,
			"tardiness_weight" : 3.0
		},
		{
			"due_date" : 85.159999999999997,
			"id" : 13,
			"is_internal" : true,
			"processing_time" : 3.21,
			"release_time" : 81.519999999999996,
			"tardiness_weight" : 4.0
		},
		{
			"due_date" : 93.079999999999998,
			"id" : 14,
			"is_internal" : true,
			"processing_time" : 2.77,
			"release_time" : 87.829999999999998,
			"tardiness_weight" : 4.0
		},
		{
			"due_date" : 97.590000000000003,
			"id" : 15,
			"is_internal" : true,
			"processing_time" : 3.29,
			"release_time" : 92.189999999999998,
			"tardiness_weight" : 4.0
		},
		{
			"due_date" : 98.840000000000003,
			"id" : 16,
			"is_internal" : true,
			"processing_time" : 2.1299999999999999,
			"release_time" : 95.269999999999996,
			"tardiness_weight" : 4.0
		},
		{
			"due_date" : 99.019999999999996,
			"id" : 17,
			"is_internal" : true,
			"processing_time" : 2.0499999999999998,
			"release_time" : 93.870000000000005,
			"tardiness_weight" : 3.0
		},
		{
			"due_date" : 101.5,
			"id" : 18,
			"is_internal" : true,
			"processing_time" : 3.98,
			"release_time" : 96.519999999999996,
			"tardiness_weight" : 4.0
		},
		{
			"due_date" : 106.05,
			"id" : 19,
			"is_internal" : true,
			"processing_time" : 3.5299999999999998,
			"release_time" : 101.37,
			"tardiness_weight" : 4.0
		},
		{
			"due_date" : 115.38,
			"id" : 20,
			"is_internal" : true,
			"processing_time" : 2.7400000000000002,
			"release_time" : 111.45,
			"tardiness_weight" : 4.0
		},
		{
			"due_date" : 116.77,
			"id" : 21,
			"is_internal" : true,
			"processing_time" : 3.52,
			"release_time" : 111.70999999999999,
			"tardiness_weight" : 4.0
		},
		{
			"due_date" : 117.31,
			"id" : 22,
			"is_internal" : true,
			"processing_time" : 3.7599999999999998,
			"release_time" : 111.7,
			"tardiness_weight" : 3.0
		},
		{
			"due_date" : 119.66,
			"id" : 23,
			"is_internal" : true,
			"processing_time" : 3.3300000000000001,
			"release_time" : 114.36,
			"tardiness_weight" : 3.0
		},
		{
			"due_date" : 127.48,
			"id" : 24,
			"is_internal" : true,
			"processing_time" : 3.0299999999999998,
			"release_time" : 123.0,
			"tardiness_weight" : 3.0
		},
		{
			"due_date" : 135.16,
			"id" : 25,
			"is_internal" : true,
			"processing_time" : 3.5600000000000001,
			"release_time" : 129.53999999999999,
			"tardiness_weight" : 4.0
		},
		{
			"due_date" : 138.44,
			"id" : 26,
			"is_internal" : true,
			"processing_time" : 3.25,
			"release_time" : 134.91,
			"tardiness_weight" : 4.0
		},
		{
			"due_date" : 152.0,
			"id" : 27,
			"is_internal" : true,
			"processing_time" : 3.0,
			"release_time" : 146.81999999999999,
			"tardiness_weight" : 3.0
		},
		{
			"due_date" : 160.41999999999999,
			"id" : 28,
			"is_internal" : true,
			"processing_time" : 3.5800000000000001,
			"release_time" : 155.41,
			"tardiness_weight" : 4.0
		},
		{
			"due_date" : 165.03,
			"id" : 29,
			"is_internal" : true,
			"processing_time" : 2.6899999999999999,
			"release_time" : 161.5,
			"tardiness_weight" : 3.0
		},
		{
			"due_date" : 178.97,
			"id" : 30,
			"is_internal" : true,
			"processing_time" : 2.3599999999999999,
			"release_time" : 175.77000000000001,
			"tardiness_weight" : 3.0
		},
		{
			"due_date" : 181.41,
			"id" : 31,
			"is_internal" : true,
			"processing_time" : 2.4399999999999999,
			"release_time" : 177.03,
			"tardiness_weight" : 4.0
		},
		{
			"due_date" : 182.28999999999999,
			"id" : 32,
			"is_internal" : true,
			"processing_time" : 3.6899999999999999,
			"release_time" : 176.41,
			"tardiness_weight" : 4.0
		},
		{
			"due_date" : 183.53999999999999,
			"id" : 33,
			"is_internal" : true,
			"processing_time" : 3.0699999999999998,
			"release_time" : 178.00999999999999,
			"tardiness_weight" : 3.0
		},
		{
			"due_date" : 184.16,
			"id" : 34,
			"is_internal" : true,
			"processing_time" : 3.5099999999999998,
			"release_time" : 178.37,
			"tardiness_weight" : 4.0
		},
		{
			"due_date" : 187.86000000000001,
			"id" : 35,
			"is_internal" : true,
			"processing_time" : 2.29,
			"release_time" : 182.88,
			"tardiness_weight" : 4.0
		},
		{
			"due_date" : 188.47,
			"id" : 36,
			"is_internal" : true,
			"processing_time" : 2.02,
			"release_time" : 183.97999999999999,
			"tardiness_weight" : 4.0
		},
		{
			"due_date" : 201.36000000000001,
			"id" : 37,
			"is_internal" : true,
			"processing_time" : 2.1600000000000001,
			"release_time" : 198.19999999999999,
			"tardiness_weight" : 4.0
		},
		{
			"due_date" : 207.97,
			"id" : 38,
			"is_internal" : true,
			"processing_time" : 2.79,
			"release_time" : 204.55000000000001,
			"tardiness_weight" : 4.0
		},
		{
			"due_date" : 207.99000000000001,
			"id" : 39,
			"is_internal" : true,
			"processing_time" : 3.0099999999999998,
			"release_time" : 202.65000000000001,
			"tardiness_weight" : 3.0
		},
		{
			"due_date" : 213.88999999999999,
			"id" : 40,
			"is_internal" : true,
			"processing_time" : 2.9900000000000002,
			"release_time" : 210.0,
			"tardiness_weight" : 4.0
		},
		{
			"due_date" : 237.19999999999999,
			"id" : 41,
			"is_internal" : true,
			"processing_time" : 3.6499999999999999,
			"release_time" : 231.66,
			"tardiness_weight" : 4.0
		},
		{
			"due_date" : 237.38,
			"id" : 42,
			"is_internal" : true,
			"processing_time" : 2.1499999999999999,
			"release_time" : 231.94,
			"tardiness_weight" : 3.0
		},
		{
			"due_date" : 238.18000000000001,
			"id" : 43,
			"is_internal" : true,
			"processing_time" : 2.9100000000000001,
			"release_time" : 232.21000000000001,
			"tardiness_weight" : 3.0
		},
		{
			"due_date" : 20.91,
			"id" : 44,
			"is_internal" : false,
			"processing_time" : 2.0,
			"release_time" : 18.91,
			"tardiness_weight" : 1.0
		},
		{
			"due_date" : 31.440000000000001,
			"id" : 45,
			"is_internal" : false,
			"processing_time" : 2.0,
			"release_time" : 29.440000000000001,
			"tardiness_weight" : 1.0
		},
		{
			"due_date" : 31.899999999999999,
			"id" : 46,
			"is_internal" : false,
			"processing_time" : 2.0,
			"release_time" : 29.899999999999999,
			"tardiness_weight" : 1.0
		},
		{
			"due_date" : 46.049999999999997,
			"id" : 47,
			"is_internal" : false,
			"processing_time" : 2.0,
			"release_time" : 44.049999999999997,
			"tardiness_weight" : 1.0
		},
		{
			"due_date" : 46.850000000000001,
			"id" : 48,
			"is_internal" : false,
			"processing_time" : 2.0,
			"release_time" : 44.850000000000001,
			"tardiness_weight" : 1.0
		},
		{
			"due_date" : 70.609999999999999,
			"id" : 49,
			"is_internal" : false,
			"processing_time" : 2.0,
			"release_time" : 68.609999999999999,
			"tardiness_weight" : 1.0
		},
		{
			"due_date" : 72.010000000000005,
			"id" : 50,
			"is_internal" : false,
			"processing_time" : 2.0,
			"release_time" : 70.010000000000005,
			"tardiness_weight" : 1.0
		},
		{
			"due_date" : 82.799999999999997,
			"id" : 51,
			"is_internal" : false,
			"processing_time" : 2.0,
			"release_time" : 80.799999999999997,
			"tardiness_weight" : 1.0
		},
		{
			"due_date" : 90.280000000000001,
			"id" : 52,
			"is_internal" : false,
			"processing_time" : 2.0,
			"release_time" : 88.280000000000001,
			"tardiness_weight" : 1.0
		},
		{
			"due_date" : 93.260000000000005,
			"id" : 53,
			"is_internal" : false,
			"processing_time" : 2.0,
			"release_time" : 91.260000000000005,
			"tardiness_weight" : 1.0
		},
		{
			"due_date" : 95.260000000000005,
			"id" : 54,
			"is_internal" : false,
			"processing_time" : 2.0,
			"release_time" : 93.260000000000005,
			"tardiness_weight" : 1.0
		},
		{
			"due_date" : 101.17,
			"id" : 55,
			"is_internal" : false,
			"processing_time" : 2.0,
			"release_time" : 99.170000000000002,
			"tardiness_weight" : 1.0
		},
		{
			"due_date" : 110.69,
			"id" : 56,
			"is_internal" : false,
			"processing_time" : 2.0,
			"release_time" : 108.69,
			"tardiness_weight" : 1.0
		},
		{
			"due_date" : 112.44,
			"id" : 57,
			"is_internal" : false,
			"processing_time" : 2.0,
			"release_time" : 110.44,
			"tardiness_weight" : 1.0
		},
		{
			"due_date" : 129.81999999999999,
			"id" : 58,
			"is_internal" : false,
			"processing_time" : 2.0,
			"release_time" : 127.81999999999999,
			"tardiness_weight" : 1.0
		},
		{
			"due_date" : 144.63,
			"id" : 59,
			"is_internal" : false,
			"processing_time" : 2.0,
			"release_time" : 142.63,
			"tardiness_weight" : 1.0
		},
		{
			"due_date" : 144.69,
			"id" : 60,
			"is_internal" : false,
			"processing_time" : 2.0,
			"release_time" : 142.69,
			"tardiness_weight" : 1.0
		},
		{
			"due_date" : 155.80000000000001,
			"id" : 61,
			"is_internal" : false,
			"processing_time" : 2.0,
			"release_time" : 153.80000000000001,
			"tardiness_weight" : 1.0
		},
		{
			"due_date" : 178.38999999999999,
			"id" : 62,
			"is_internal" : false,
			"processing_time" : 2.0,
			"release_time" : 176.38999999999999,
			"tardiness_weight" : 1.0
		},
		{
			"due_date" : 178.61000000000001,
			"id" : 63,
			"is_internal" : false,
			"processing_time" : 2.0,
			"release_time" : 176.61000000000001,
			"tardiness_weight" : 1.0
		},
		{
			"due_date" : 187.22999999999999,
			"id" : 64,
			"is_internal" : false,
			"processing_time" : 2.0,
			"release_time" : 185.22999999999999,
			"tardiness_weight" : 1.0
		},
		{
			"due_date" : 201.19,
			"id" : 65,
			"is_internal" : false,
			"processing_time" : 2.0,
			"release_time" : 199.19,
			"tardiness_weight" : 1.0
		},
		{
			"due_date" : 207.19999999999999,
			"id" : 66,
			"is_internal" : false,
			"processing_time" : 2.0,
			"release_time" : 205.19999999999999,
			"tardiness_weight" : 1.0
		},
		{
			"due_date" : 213.03,
			"id" : 67,
			"is_internal" : false,
			"processing_time" : 2.0,
			"release_time" : 211.03,
			"tardiness_weight" : 1.0
		},
		{
			"due_date" : 220.84,
			"id" : 68,
			"is_internal" : false,
			"processing_time" : 2.0,
			"release_time" : 218.84,
			"tardiness_weight" : 1.0
		},
		{
			"due_date" : 221.81999999999999,
			"id" : 69,
			"is_internal" : false,
			"processing_time" : 2.0,
			"release_time" : 219.81999999999999,
			"tardiness_weight" : 1.0
		},
		{
			"due_date" : 226.78,
			"id" : 70,
			"is_internal" : false,
			"processing_time" : 2.0,
			"release_time" : 224.78,
			"tardiness_weight" : 1.0
		},
		{
			"due_date" : 235.24000000000001,
			"id" : 71,
			"is_internal" : false,
			"processing_time" : 2.0,
			"release_time" : 233.24000000000001,
			"tardiness_weight" : 1.0
		},
		{
			"due_date" : 238.97,
			"id" : 72,
			"is_internal" : false,
			"processing_time" : 2.0,
			"release_time" : 236.97,
			"tardiness_weight" : 1.0
		}
	],
	"time_adjacency_matrix" : 
	[
		[
			0.0,
			2.4299999999999997,
			1.8300000000000001,
			1.8300000000000001,
			1.53,
			1.53,
			2.25,
			1.53,
			1.53,
			2.1299999999999999,
			0.92999999999999994,
			0.87,
			1.6500000000000001,
			1.8300000000000001,
			0.20999999999999999,
			0.92999999999999994,
			2.1899999999999999,
			0.51000000000000001,
			1.3500000000000001,
			2.4299999999999997,
			2.3099999999999996,
			0.74999999999999989,
			1.1700000000000002,
			2.1899999999999999,
			2.25,
			0.92999999999999994,
			1.6500000000000001,
			2.25,
			0.87,
			1.1700000000000002,
			2.25,
			1.29,
			0.20999999999999999,
			1.5900000000000001,
			2.25,
			2.4299999999999997,
			2.0699999999999998,
			2.25,
			0.44999999999999996,
			1.53,
			0.39000000000000001,
			2.3699999999999997,
			0.51000000000000001,
			1.4099999999999999,
			1.47,
			0.98999999999999988,
			1.71,
			2.4299999999999997,
			2.0699999999999998,
			1.47,
			0.98999999999999988,
			2.1299999999999999,
			1.23,
			0.80999999999999994,
			2.1899999999999999,
			2.3699999999999997,
			2.4299999999999997,
			1.3500000000000001,
			0.63,
			0.27000000000000002,
			0.80999999999999994,
			0.27000000000000002,
			0.44999999999999996,
			2.25,
			2.25,
			0.68999999999999995,
			1.1700000000000002,
			2.4299999999999997,
			1.77,
			1.4099999999999999,
			2.4299999999999997,
			0.0,
			2.1899999999999999
		],
		[
			2.4299999999999997,
			0.0,
			0.68999999999999995,
			0.68999999999999995,
			0.98999999999999988,
			0.98999999999999988,
			0.27000000000000002,
			0.98999999999999988,
			0.98999999999999988,
			0.39000000000000001,
			1.5900000000000001,
			1.6500000000000001,
			0.87,
			0.68999999999999995,
			2.3099999999999996,
			1.5900000000000001,
			0.32999999999999996,
			2.0099999999999998,
			1.1700000000000002,
			0.0,
			0.20999999999999999,
			1.77,
			1.3500000000000001,
			0.32999999999999996,
			0.27000000000000002,
			1.5900000000000001,
			0.87,
			0.27000000000000002,
			1.6500000000000001,
			1.3500000000000001,
			0.27000000000000002,
			1.23,
			2.3099999999999996,
			0.92999999999999994,
			0.27000000000000002,
			0.0,
			0.44999999999999996,
			0.27000000000000002,
			2.0699999999999998,
			0.98999999999999988,
			2.1299999999999999,
			0.14999999999999999,
			2.0099999999999998,
			1.1100000000000001,
			1.05,
			1.53,
			0.80999999999999994,
			0.0,
			0.44999999999999996,
			1.05,
			1.53,
			0.39000000000000001,
			1.29,
			1.71,
			0.32999999999999996,
			0.14999999999999999,
			0.0,
			1.1700000000000002,
			1.8899999999999999,
			2.25,
			1.71,
			2.25,
			2.0699999999999998,
			0.27000000000000002,
			0.27000000000000002,
			1.8300000000000001,
			1.3500000000000001,
			0.0,
			0.74999999999999989,
			1.1100000000000001,
			0.0,
			2.4299999999999997,
			0.32999999999999996
		],
		[
			1.8300000000000001,
			0.68999999999999995,
			0.0,
			0.0,
			0.39000000000000001,
			0.39000000000000001,
			0.51000000000000001,
			0.39000000000000001,
			0.39000000000000001,
			0.39000000000000001,
			0.98999999999999988,
			1.05,
			0.27000000000000002,
			0.0,
			1.71,
			0.98999999999999988,
			0.44999999999999996,
			1.4099999999999999,
			0.56999999999999995,
			0.68999999999999995,
			0.56999999999999995,
			1.1700000000000002,
			0.74999999999999989,
			0.44999999999999996,
			0.51000000000000001,
			0.98999999999999988,
			0.27000000000000002,
			0.51000000000000001,
			1.05,
			0.74999999999999989,
			0.51000000000000001,
			0.63,
			1.71,
			0.32999999999999996,
			0.51000000000000001,
			0.68999999999999995,
			0.32999999999999996,
			0.51000000000000001,
			1.47,
			0.39000000000000001,
			1.53,
			0.63,
			1.4099999999999999,
			0.51000000000000001,
			0.44999999999999996,
			0.92999999999999994,
			0.20999999999999999,
			0.68999999999999995,
			0.32999999999999996,
			0.44999999999999996,
			0.92999999999999994,
			0.39000000000000001,
			0.68999999999999995,
			1.1100000000000001,
			0.44999999999999996,
			0.63,
			0.68999999999999995,
			0.56999999999999995,
			1.29,
			1.6500000000000001,
			1.1100000000000001,
			1.6500000000000001,
			1.47,
			0.51000000000000001,
			0.51000000000000001,
			1.23,
			0.74999999999999989,
			0.68999999999999995,
			0.14999999999999999,
			0.51000000000000001,
			0.68999999999999995,
			1.8300000000000001,
			0.44999999999999996
		],
		[
			1.8300000000000001,
			0.68999999999999995,
			0.0,
			0.0,
			0.39000000000000001,
			0.39000000000000001,
			0.51000000000000001,
			0.39000000000000001,
			0.39000000000000001,
			0.39000000000000001,
			0.98999999999999988,
			1.05,
			0.27000000000000002,
			0.0,
			1.71,
			0.98999999999999988,
			0.44999999999999996,
			1.4099999999999999,
			0.56999999999999995,
			0.68999999999999995,
			0.56999999999999995,
			1.1700000000000002,
			0.74999999999999989,
			0.44999999999999996,
			0.51000000000000001,
			0.98999999999999988,
			0.27000000000000002,
			0.51000000000000001,
			1.05,
			0.74999999999999989,
			0.51000000000000001,
			0.63,
			1.71,
			0.32999999999999996,
			0.51000000000000001,
			0.68999999999999995,
			0.32999999999999996,
			0.51000000000000001,
			1.47,
			0.39000000000000001,
			1.53,
			0.63,
			1.4099999999999999,
			0.51000000000000001,
			0.44999999999999996,
			0.92999999999999994,
			0.20999999999999999,
			0.68999999999999995,
			0.32999999999999996,
			0.44999999999999996,
			0.92999999999999994,
			0.39000000000000001,
			0.68999999999999995,
			1.1100000000000001,
			0.44999999999999996,
			0.63,
			0.68999999999999995,
			0.56999999999999995,
			1.29,
			1.6500000000000001,
			1.1100000000000001,
			1.6500000000000001,
			1.47,
			0.51000000000000001,
			0.51000000000000001,
			1.23,
			0.74999999999999989,
			0.68999999999999995,
			0.14999999999999999,
			0.51000000000000001,
			0.68999999999999995,
			1.8300000000000001,
			0.44999999999999996
		],
		[
			1.53,
			0.98999999999999988,
			0.39000000000000001,
			0.39000000000000001,
			0.0,
			0.0,
			0.80999999999999994,
			0.0,
			0.0,
			0.68999999999999995,
			0.68999999999999995,
			0.74999999999999989,
			0.20999999999999999,
			0.39000000000000001,
			1.4099999999999999,
			0.68999999999999995,
			0.74999999999999989,
			1.1100000000000001,
			0.27000000000000002,
			0.98999999999999988,
			0.87,
			0.87,
			0.44999999999999996,
			0.74999999999999989,
			0.80999999999999994,
			0.68999999999999995,
			0.20999999999999999,
			0.80999999999999994,
			0.74999999999999989,
			0.44999999999999996,
			0.80999999999999994,
			0.32999999999999996,
			1.4099999999999999,
			0.14999999999999999,
			0.80999999999999994,
			0.98999999999999988,
			0.63,
			0.80999999999999994,
			1.1700000000000002,
			0.0,
			1.23,
			0.92999999999999994,
			1.1100000000000001,
			0.20999999999999999,
			0.14999999999999999,
			0.63,
			0.27000000000000002,
			0.98999999999999988,
			0.63,
			0.14999999999999999,
			0.63,
			0.68999999999999995,
			0.39000000000000001,
			0.80999999999999994,
			0.74999999999999989,
			0.92999999999999994,
			0.98999999999999988,
			0.27000000000000002,
			0.98999999999999988,
			1.3500000000000001,
			0.80999999999999994,
			1.3500000000000001,
			1.1700000000000002,
			0.80999999999999994,
			0.80999999999999994,
			0.92999999999999994,
			0.44999999999999996,
			0.98999999999999988,
			0.32999999999999996,
			0.20999999999999999,
			0.98999999999999988,
			1.53,
			0.74999999999999989
		],
		[
			1.53,
			0.98999999999999988,
			0.39000000000000001,
			0.39000000000000001,
			0.0,
			0.0,
			0.80999999999999994,
			0.0,
			0.0,
			0.68999999999999995,
			0.68999999999999995,
			0.74999999999999989,
			0.20999999999999999,
			0.39000000000000001,
			1.4099999999999999,
			0.68999999999999995,
			0.74999999999999989,
			1.1100000000000001,
			0.27000000000000002,
			0.98999999999999988,
			0.87,
			0.87,
			0.44999999999999996,
			0.74999999999999989,
			0.80999999999999994,
			0.68999999999999995,
			0.20999999999999999,
			0.80999999999999994,
			0.74999999999999989,
			0.44999999999999996,
			0.80999999999999994,
			0.32999999999999996,
			1.4099999999999999,
			0.14999999999999999,
			0.80999999999999994,
			0.98999999999999988,
			0.63,
			0.80999999999999994,
			1.1700000000000002,
			0.0,
			1.23,
			0.92999999999999994,
			1.1100000000000001,
			0.20999999999999999,
			0.14999999999999999,
			0.63,
			0.27000000000000002,
			0.98999999999999988,
			0.63,
			0.14999999999999999,
			0.63,
			0.68999999999999995,
			0.39000000000000001,
			0.80999999999999994,
			0.74999999999999989,
			0.92999999999999994,
			0.98999999999999988,
			0.27000000000000002,
			0.98999999999999988,
			1.3500000000000001,
			0.80999999999999994,
			1.3500000000000001,
			1.1700000000000002,
			0.80999999999999994,
			0.80999999999999994,
			0.92999999999999994,
			0.44999999999999996,
			0.98999999999999988,
			0.32999999999999996,
			0.20999999999999999,
			0.98999999999999988,
			1.53,
			0.74999999999999989
		],
		[
			2.25,
			0.27000000000000002,
			0.51000000000000001,
			0.51000000000000001,
			0.80999999999999994,
			0.80999999999999994,
			0.0,
			0.80999999999999994,
			0.80999999999999994,
			0.20999999999999999,
			1.4099999999999999,
			1.47,
			0.68999999999999995,
			0.51000000000000001,
			2.1299999999999999,
			1.4099999999999999,
			0.14999999999999999,
			1.8300000000000001,
			0.98999999999999988,
			0.27000000000000002,
			0.14999999999999999,
			1.5900000000000001,
			1.1700000000000002,
			0.14999999999999999,
			0.0,
			1.4099999999999999,
			0.68999999999999995,
			0.0,
			1.47,
			1.1700000000000002,
			0.0,
			1.05,
			2.1299999999999999,
			0.74999999999999989,
			0.0,
			0.27000000000000002,
			0.27000000000000002,
			0.0,
			1.8899999999999999,
			0.80999999999999994,
			1.95,
			0.20999999999999999,
			1.8300000000000001,
			0.92999999999999994,
			0.87,
			1.3500000000000001,
			0.63,
			0.27000000000000002,
			0.27000000000000002,
			0.87,
			1.3500000000000001,
			0.20999999999999999,
			1.1100000000000001,
			1.53,
			0.14999999999999999,
			0.20999999999999999,
			0.27000000000000002,
			0.98999999999999988,
			1.71,
			2.0699999999999998,
			1.53,
			2.0699999999999998,
			1.8899999999999999,
			0.0,
			0.0,
			1.6500000000000001,
			1.1700000000000002,
			0.27000000000000002,
			0.56999999999999995,
			0.92999999999999994,
			0.27000000000000002,
			2.25,
			0.14999999999999999
		],
		[
			1.53,
			0.98999999999999988,
			0.39000000000000001,
			0.39000000000000001,
			0.0,
			0.0,
			0.80999999999999994,
			0.0,
			0.0,
			0.68999999999999995,
			0.68999999999999995,
			0.74999999999999989,
			0.20999999999999999,
			0.39000000000000001,
			1.4099999999999999,
			0.68999999999999995,
			0.74999999999999989,
			1.1100000000000001,
			0.27000000000000002,
			0.98999999999999988,
			0.87,
			0.87,
			0.44999999999999996,
			0.74999999999999989,
			0.80999999999999994,
			0.68999999999999995,
			0.20999999999999999,
			0.80999999999999994,
			0.74999999999999989,
			0.44999999999999996,
			0.80999999999999994,
			0.32999999999999996,
			1.4099999999999999,
			0.14999999999999999,
			0.80999999999999994,
			0.98999999999999988,
			0.63,
			0.80999999999999994,
			1.1700000000000002,
			0.0,
			1.23,
			0.92999999999999994,
			1.1100000000000001,
			0.20999999999999999,
			0.14999999999999999,
			0.63,
			0.27000000000000002,
			0.98999999999999988,
			0.63,
			0.14999999999999999,
			0.63,
			0.68999999999999995,
			0.39000000000000001,
			0.80999999999999994,
			0.74999999999999989,
			0.92999999999999994,
			0.98999999999999988,
			0.27000000000000002,
			0.98999999999999988,
			1.3500000000000001,
			0.80999999999999994,
			1.3500000000000001,
			1.1700000000000002,
			0.80999999999999994,
			0.80999999999999994,
			0.92999999999999994,
			0.44999999999999996,
			0.98999999999999988,
			0.32999999999999996,
			0.20999999999999999,
			0.98999999999999988,
			1.53,
			0.74999999999999989
		],
		[
			1.53,
			0.98999999999999988,
			0.39000000000000001,
			0.39000000000000001,
			0.0,
			0.0,
			0.80999999999999994,
			0.0,
			0.0,
			0.68999999999999995,
			0.68999999999999995,
			0.74999999999999989,
			0.20999999999999999,
			0.39000000000000001,
			1.4099999999999999,
			0.68999999999999995,
			0.74999999999999989,
			1.1100000000000001,
			0.27000000000000002,
			0.98999999999999988,
			0.87,
			0.87,
			0.44999999999999996,
			0.74999999999999989,
			0.80999999999999994,
			0.68999999999999995,
			0.20999999999999999,
			0.80999999999999994,
			0.74999999999999989,
			0.44999999999999996,
			0.80999999999999994,
			0.32999999999999996,
			1.4099999999999999,
			0.14999999999999999,
			0.80999999999999994,
			0.98999999999999988,
			0.63,
			0.80999999999999994,
			1.1700000000000002,
			0.0,
			1.23,
			0.92999999999999994,
			1.1100000000000001,
			0.20999999999999999,
			0.14999999999999999,
			0.63,
			0.27000000000000002,
			0.98999999999999988,
			0.63,
			0.14999999999999999,
			0.63,
			0.68999999999999995,
			0.39000000000000001,
			0.80999999999999994,
			0.74999999999999989,
			0.92999999999999994,
			0.98999999999999988,
			0.27000000000000002,
			0.98999999999999988,
			1.3500000000000001,
			0.80999999999999994,
			1.3500000000000001,
			1.1700000000000002,
			0.80999999999999994,
			0.80999999999999994,
			0.92999999999999994,
			0.44999999999999996,
			0.98999999999999988,
			0.32999999999999996,
			0.20999999999999999,
			0.98999999999999988,
			1.53,
			0.74999999999999989
		],
		[
			2.1299999999999999,
			0.39000000000000001,
			0.39000000000000001,
			0.39000000000000001,
			0.68999999999999995,
			0.68999999999999995,
			0.20999999999999999,
			0.68999999999999995,
			0.68999999999999995,
			0.0,
			1.29,
			1.3500000000000001,
			0.56999999999999995,
			0.39000000000000001,
			2.0099999999999998,
			1.29,
			0.14999999999999999,
			1.71,
			0.87,
			0.39000000000000001,
			0.27000000000000002,
			1.47,
			1.05,
			0.14999999999999999,
			0.20999999999999999,
			1.29,
			0.56999999999999995,
			0.20999999999999999,
			1.3500000000000001,
			1.05,
			0.20999999999999999,
			0.92999999999999994,
			2.0099999999999998,
			0.63,
			0.20999999999999999,
			0.39000000000000001,
			0.14999999999999999,
			0.20999999999999999,
			1.77,
			0.68999999999999995,
			1.8300000000000001,
			0.32999999999999996,
			1.71,
			0.80999999999999994,
			0.74999999999999989,
			1.23,
			0.51000000000000001,
			0.39000000000000001,
			0.14999999999999999,
			0.74999999999999989,
			1.23,
			0.0,
			0.98999999999999988,
			1.4099999999999999,
			0.14999999999999999,
			0.32999999999999996,
			0.39000000000000001,
			0.87,
			1.5900000000000001,
			1.95,
			1.4099999999999999,
			1.95,
			1.77,
			0.20999999999999999,
			0.20999999999999999,
			1.53,
			1.05,
			0.39000000000000001,
			0.44999999999999996,
			0.80999999999999994,
			0.39000000000000001,
			2.1299999999999999,
			0.14999999999999999
		],
		[
			0.92999999999999994,
			1.5900000000000001,
			0.98999999999999988,
			0.98999999999999988,
			0.68999999999999995,
			0.68999999999999995,
			1.4099999999999999,
			0.68999999999999995,
			0.68999999999999995,
			1.29,
			0.0,
			0.14999999999999999,
			0.80999999999999994,
			0.98999999999999988,
			0.80999999999999994,
			0.0,
			1.3500000000000001,
			0.51000000000000001,
			0.51000000000000001,
			1.5900000000000001,
			1.47,
			0.27000000000000002,
			0.32999999999999996,
			1.3500000000000001,
			1.4099999999999999,
			0.0,
			0.80999999999999994,
			1.4099999999999999,
			0.14999999999999999,
			0.32999999999999996,
			1.4099999999999999,
			0.44999999999999996,
			0.80999999999999994,
			0.74999999999999989,
			1.4099999999999999,
			1.5900000000000001,
			1.23,
			1.4099999999999999,
			0.56999999999999995,
			0.68999999999999995,
			0.63,
			1.53,
			0.51000000000000001,
			0.56999999999999995,
			0.63,
			0.14999999999999999,
			0.87,
			1.5900000000000001,
			1.23,
			0.63,
			0.14999999999999999,
			1.29,
			0.39000000000000001,
			0.20999999999999999,
			1.3500000000000001,
			1.53,
			1.5900000000000001,
			0.51000000000000001,
			0.39000000000000001,
			0.74999999999999989,
			0.20999999999999999,
			0.74999999999999989,
			0.56999999999999995,
			1.4099999999999999,
			1.4099999999999999,
			0.32999999999999996,
			0.32999999999999996,
			1.5900000000000001,
			0.92999999999999994,
			0.56999999999999995,
			1.5900000000000001,
			0.92999999999999994,
			1.3500000000000001
		],
		[
			0.87,
			1.6500000000000001,
			1.05,
			1.05,
			0.74999999999999989,
			0.74999999999999989,
			1.47,
			0.74999999999999989,
			0.74999999999999989,
			1.3500000000000001,
			0.14999999999999999,
			0.0,
			0.87,
			1.05,
			0.74999999999999989,
			0.14999999999999999,
			1.4099999999999999,
			0.44999999999999996,
			0.56999999999999995,
			1.6500000000000001,
			1.53,
			0.20999999999999999,
			0.39000000000000001,
			1.4099999999999999,
			1.47,
			0.14999999999999999,
			0.87,
			1.47,
			0.0,
			0.39000000000000001,
			1.47,
			0.51000000000000001,
			0.74999999999999989,
			0.80999999999999994,
			1.47,
			1.6500000000000001,
			1.29,
			1.47,
			0.51000000000000001,
			0.74999999999999989,
			0.56999999999999995,
			1.5900000000000001,
			0.44999999999999996,
			0.63,
			0.68999999999999995,
			0.20999999999999999,
			0.92999999999999994,
			1.6500000000000001,
			1.29,
			0.68999999999999995,
			0.20999999999999999,
			1.3500000000000001,
			0.44999999999999996,
			0.14999999999999999,
			1.4099999999999999,
			1.5900000000000001,
			1.6500000000000001,
			0.56999999999999995,
			0.32999999999999996,
			0.68999999999999995,
			0.14999999999999999,
			0.68999999999999995,
			0.51000000000000001,
			1.47,
			1.47,
			0.27000000000000002,
			0.39000000000000001,
			1.6500000000000001,
			0.98999999999999988,
			0.63,
			1.6500000000000001,
			0.87,
			1.4099999999999999
		],
		[
			1.6500000000000001,
			0.87,
			0.27000000000000002,
			0.27000000000000002,
			0.20999999999999999,
			0.20999999999999999,
			0.68999999999999995,
			0.20999999999999999,
			0.20999999999999999,
			0.56999999999999995,
			0.80999999999999994,
			0.87,
			0.0,
			0.27000000000000002,
			1.53,
			0.80999999999999994,
			0.63,
			1.23,
			0.39000000000000001,
			0.87,
			0.74999999999999989,
			0.98999999999999988,
			0.56999999999999995,
			0.63,
			0.68999999999999995,
			0.80999999999999994,
			0.0,
			0.68999999999999995,
			0.87,
			0.56999999999999995,
			0.68999999999999995,
			0.44999999999999996,
			1.53,
			0.14999999999999999,
			0.68999999999999995,
			0.87,
			0.51000000000000001,
			0.68999999999999995,
			1.29,
			0.20999999999999999,
			1.3500000000000001,
			0.80999999999999994,
			1.23,
			0.32999999999999996,
			0.27000000000000002,
			0.74999999999999989,
			0.14999999999999999,
			0.87,
			0.51000000000000001,
			0.27000000000000002,
			0.74999999999999989,
			0.56999999999999995,
			0.51000000000000001,
			0.92999999999999994,
			0.63,
			0.80999999999999994,
			0.87,
			0.39000000000000001,
			1.1100000000000001,
			1.47,
			0.92999999999999994,
			1.47,
			1.29,
			0.68999999999999995,
			0.68999999999999995,
			1.05,
			0.56999999999999995,
			0.87,
			0.20999999999999999,
			0.32999999999999996,
			0.87,
			1.6500000000000001,
			0.63
		],
		[
			1.8300000000000001,
			0.68999999999999995,
			0.0,
			0.0,
			0.39000000000000001,
			0.39000000000000001,
			0.51000000000000001,
			0.39000000000000001,
			0.39000000000000001,
			0.39000000000000001,
			0.98999999999999988,
			1.05,
			0.27000000000000002,
			0.0,
			1.71,
			0.98999999999999988,
			0.44999999999999996,
			1.4099999999999999,
			0.56999999999999995,
			0.68999999999999995,
			0.56999999999999995,
			1.1700000000000002,
			0.74999999999999989,
			0.44999999999999996,
			0.51000000000000001,
			0.98999999999999988,
			0.27000000000000002,
			0.51000000000000001,
			1.05,
			0.74999999999999989,
			0.51000000000000001,
			0.63,
			1.71,
			0.32999999999999996,
			0.51000000000000001,
			0.68999999999999995,
			0.32999999999999996,
			0.51000000000000001,
			1.47,
			0.39000000000000001,
			1.53,
			0.63,
			1.4099999999999999,
			0.51000000000000001,
			0.44999999999999996,
			0.92999999999999994,
			0.20999999999999999,
			0.68999999999999995,
			0.32999999999999996,
			0.44999999999999996,
			0.92999999999999994,
			0.39000000000000001,
			0.68999999999999995,
			1.1100000000000001,
			0.44999999999999996,
			0.63,
			0.68999999999999995,
			0.56999999999999995,
			1.29,
			1.6500000000000001,
			1.1100000000000001,
			1.6500000000000001,
			1.47,
			0.51000000000000001,
			0.51000000000000001,
			1.23,
			0.74999999999999989,
			0.68999999999999995,
			0.14999999999999999,
			0.51000000000000001,
			0.68999999999999995,
			1.8300000000000001,
			0.44999999999999996
		],
		[
			0.20999999999999999,
			2.3099999999999996,
			1.71,
			1.71,
			1.4099999999999999,
			1.4099999999999999,
			2.1299999999999999,
			1.4099999999999999,
			1.4099999999999999,
			2.0099999999999998,
			0.80999999999999994,
			0.74999999999999989,
			1.53,
			1.71,
			0.0,
			0.80999999999999994,
			2.0699999999999998,
			0.39000000000000001,
			1.23,
			2.3099999999999996,
			2.1899999999999999,
			0.63,
			1.05,
			2.0699999999999998,
			2.1299999999999999,
			0.80999999999999994,
			1.53,
			2.1299999999999999,
			0.74999999999999989,
			1.05,
			2.1299999999999999,
			1.1700000000000002,
			0.0,
			1.47,
			2.1299999999999999,
			2.3099999999999996,
			1.95,
			2.1299999999999999,
			0.32999999999999996,
			1.4099999999999999,
			0.27000000000000002,
			2.25,
			0.39000000000000001,
			1.29,
			1.3500000000000001,
			0.87,
			1.5900000000000001,
			2.3099999999999996,
			1.95,
			1.3500000000000001,
			0.87,
			2.0099999999999998,
			1.1100000000000001,
			0.68999999999999995,
			2.0699999999999998,
			2.25,
			2.3099999999999996,
			1.23,
			0.51000000000000001,
			0.14999999999999999,
			0.68999999999999995,
			0.14999999999999999,
			0.32999999999999996,
			2.1299999999999999,
			2.1299999999999999,
			0.56999999999999995,
			1.05,
			2.3099999999999996,
			1.6500000000000001,
			1.29,
			2.3099999999999996,
			0.20999999999999999,
			2.0699999999999998
		],
		[
			0.92999999999999994,
			1.5900000000000001,
			0.98999999999999988,
			0.98999999999999988,
			0.68999999999999995,
			0.68999999999999995,
			1.4099999999999999,
			0.68999999999999995,
			0.68999999999999995,
			1.29,
			0.0,
			0.14999999999999999,
			0.80999999999999994,
			0.98999999999999988,
			0.80999999999999994,
			0.0,
			1.3500000000000001,
			0.51000000000000001,
			0.51000000000000001,
			1.5900000000000001,
			1.47,
			0.27000000000000002,
			0.32999999999999996,
			1.3500000000000001,
			1.4099999999999999,
			0.0,
			0.80999999999999994,
			1.4099999999999999,
			0.14999999999999999,
			0.32999999999999996,
			1.4099999999999999,
			0.44999999999999996,
			0.80999999999999994,
			0.74999999999999989,
			1.4099999999999999,
			1.5900000000000001,
			1.23,
			1.4099999999999999,
			0.56999999999999995,
			0.68999999999999995,
			0.63,
			1.53,
			0.51000000000000001,
			0.56999999999999995,
			0.63,
			0.14999999999999999,
			0.87,
			1.5900000000000001,
			1.23,
			0.63,
			0.14999999999999999,
			1.29,
			0.39000000000000001,
			0.20999999999999999,
			1.3500000000000001,
			1.53,
			1.5900000000000001,
			0.51000000000000001,
			0.39000000000000001,
			0.74999999999999989,
			0.20999999999999999,
			0.74999999999999989,
			0.56999999999999995,
			1.4099999999999999,
			1.4099999999999999,
			0.32999999999999996,
			0.32999999999999996,
			1.5900000000000001,
			0.92999999999999994,
			0.56999999999999995,
			1.5900000000000001,
			0.92999999999999994,
			1.3500000000000001
		],
		[
			2.1899999999999999,
			0.32999999999999996,
			0.44999999999999996,
			0.44999999999999996,
			0.74999999999999989,
			0.74999999999999989,
			0.14999999999999999,
			0.74999999999999989,
			0.74999999999999989,
			0.14999999999999999,
			1.3500000000000001,
			1.4099999999999999,
			0.63,
			0.44999999999999996,
			2.0699999999999998,
			1.3500000000000001,
			0.0,
			1.77,
			0.92999999999999994,
			0.32999999999999996,
			0.20999999999999999,
			1.53,
			1.1100000000000001,
			0.0,
			0.14999999999999999,
			1.3500000000000001,
			0.63,
			0.14999999999999999,
			1.4099999999999999,
			1.1100000000000001,
			0.14999999999999999,
			0.98999999999999988,
			2.0699999999999998,
			0.68999999999999995,
			0.14999999999999999,
			0.32999999999999996,
			0.20999999999999999,
			0.14999999999999999,
			1.8300000000000001,
			0.74999999999999989,
			1.8899999999999999,
			0.27000000000000002,
			1.77,
			0.87,
			0.80999999999999994,
			1.29,
			0.56999999999999995,
			0.32999999999999996,
			0.20999999999999999,
			0.80999999999999994,
			1.29,
			0.14999999999999999,
			1.05,
			1.47,
			0.0,
			0.27000000000000002,
			0.32999999999999996,
			0.92999999999999994,
			1.6500000000000001,
			2.0099999999999998,
			1.47,
			2.0099999999999998,
			1.8300000000000001,
			0.14999999999999999,
			0.14999999999999999,
			1.5900000000000001,
			1.1100000000000001,
			0.32999999999999996,
			0.51000000000000001,
			0.87,
			0.32999999999999996,
			2.1899999999999999,
			0.0
		],
		[
			0.51000000000000001,
			2.0099999999999998,
			1.4099999999999999,
			1.4099999999999999,
			1.1100000000000001,
			1.1100000000000001,
			1.8300000000000001,
			1.1100000000000001,
			1.1100000000000001,
			1.71,
			0.51000000000000001,
			0.44999999999999996,
			1.23,
			1.4099999999999999,
			0.39000000000000001,
			0.51000000000000001,
			1.77,
			0.0,
			0.92999999999999994,
			2.0099999999999998,
			1.8899999999999999,
			0.32999999999999996,
			0.74999999999999989,
			1.77,
			1.8300000000000001,
			0.51000000000000001,
			1.23,
			1.8300000000000001,
			0.44999999999999996,
			0.74999999999999989,
			1.8300000000000001,
			0.87,
			0.39000000000000001,
			1.1700000000000002,
			1.8300000000000001,
			2.0099999999999998,
			1.6500000000000001,
			1.8300000000000001,
			0.14999999999999999,
			1.1100000000000001,
			0.20999999999999999,
			1.95,
			0.0,
			0.98999999999999988,
			1.05,
			0.56999999999999995,
			1.29,
			2.0099999999999998,
			1.6500000000000001,
			1.05,
			0.56999999999999995,
			1.71,
			0.80999999999999994,
