{
	"instance_setting" : 
	{
		"average_number_of_tasks_executed_by_yc_per_hour" : 18,
		"external_task_ratio" : 0.5,
		"instance_id" : 71,
		"number_of_external_tasks" : 36,
		"number_of_internal_tasks" : 36,
		"number_of_tasks" : 72,
		"planning_window_length_in_hours" : 4.0
	},
	"offline_optimal" : 697.03000000000122,
	"offline_solution_computation_time_in_seconds" : 1.1504734000000001,
	"offline_solution_task_sequence" : 
	[
		0,
		1,
		3,
		2,
		4,
		38,
		37,
		5,
		39,
		41,
		40,
		43,
		42,
		6,
		45,
		46,
		7,
		44,
		10,
		9,
		8,
		47,
		48,
		49,
		11,
		50,
		13,
		14,
		15,
		12,
		17,
		18,
		20,
		16,
		19,
		51,
		52,
		21,
		55,
		56,
		53,
		54,
		58,
		59,
		57,
		60,
		23,
		22,
		61,
		25,
		24,
		26,
		27,
		62,
		65,
		28,
		63,
		64,
		66,
		29,
		67,
		30,
		31,
		68,
		32,
		69,
		70,
		33,
		34,
		35,
		36,
		71,
		72
	],
	"tasks" : 
	[
		{
			"due_date" : 0.0,
			"id" : 0,
			"is_internal" : true,
			"processing_time" : 0.0,
			"release_time" : 0.0,
			"tardiness_weight" : 0.0
		},
		{
			"due_date" : 1.8500000000000001,
			"id" : 1,
			"is_internal" : true,
			"processing_time" : 3.1000000000000001,
			"release_time" : 0.0,
			"tardiness_weight" : 3.0
		},
		{
			"due_date" : 4.6299999999999999,
			"id" : 2,
			"is_internal" : true,
			"processing_time" : 2.6400000000000001,
			"release_time" : 0.12,
			"tardiness_weight" : 4.0
		},
		{
			"due_date" : 5.7999999999999998,
			"id" : 3,
			"is_internal" : true,
			"processing_time" : 2.7200000000000002,
			"release_time" : 0.14999999999999999,
			"tardiness_weight" : 3.0
		},
		{
			"due_date" : 16.43,
			"id" : 4,
			"is_internal" : true,
			"processing_time" : 3.6400000000000001,
			"release_time" : 11.41,
			"tardiness_weight" : 3.0
		},
		{
			"due_date" : 23.030000000000001,
			"id" : 5,
			"is_internal" : true,
			"processing_time" : 3.23,
			"release_time" : 19.260000000000002,
			"tardiness_weight" : 3.0
		},
		{
			"due_date" : 41.57,
			"id" : 6,
			"is_internal" : true,
			"processing_time" : 3.8399999999999999,
			"release_time" : 36.799999999999997,
			"tardiness_weight" : 4.0
		},
		{
			"due_date" : 53.350000000000001,
			"id" : 7,
			"is_internal" : true,
			"processing_time" : 2.6699999999999999,
			"release_time" : 48.100000000000001,
			"tardiness_weight" : 3.0
		},
		{
			"due_date" : 56.520000000000003,
			"id" : 8,
			"is_internal" : true,
			"processing_time" : 3.8700000000000001,
			"release_time" : 50.950000000000003,
			"tardiness_weight" : 3.0
		},
		{
			"due_date" : 56.82,
			"id" : 9,
			"is_internal" : true,
			"processing_time" : 2.4500000000000002,
			"release_time" : 52.039999999999999,
			"tardiness_weight" : 3.0
		},
		{
			"due_date" : 59.369999999999997,
			"id" : 10,
			"is_internal" : true,
			"processing_time" : 3.6499999999999999,
			"release_time" : 53.479999999999997,
			"tardiness_weight" : 4.0
		},
		{
			"due_date" : 79.370000000000005,
			"id" : 11,
			"is_internal" : true,
			"processing_time" : 3.1499999999999999,
			"release_time" : 73.560000000000002,
			"tardiness_weight" : 4.0
		},
		{
			"due_date" : 91.409999999999997,
			"id" : 12,
			"is_internal" : true,
			"processing_time" : 3.4399999999999999,
			"release_time" : 87.430000000000007,
			"tardiness_weight" : 3.0
		},
		{
			"due_date" : 92.0,
			"id" : 13,
			"is_internal" : true,
			"processing_time" : 3.46,
			"release_time" : 86.040000000000006,
			"tardiness_weight" : 3.0
		},
		{
			"due_date" : 93.390000000000001,
			"id" : 14,
			"is_internal" : true,
			"processing_time" : 2.9100000000000001,
			"release_time" : 87.400000000000006,
			"tardiness_weight" : 4.0
		},
		{
			"due_date" : 97.5,
			"id" : 15,
			"is_internal" : true,
			"processing_time" : 3.6099999999999999,
			"release_time" : 93.879999999999995,
			"tardiness_weight" : 4.0
		},
		{
			"due_date" : 104.95,
			"id" : 16,
			"is_internal" : true,
			"processing_time" : 2.02,
			"release_time" : 102.22,
			"tardiness_weight" : 4.0
		},
		{
			"due_date" : 105.31999999999999,
			"id" : 17,
			"is_internal" : true,
			"processing_time" : 2.6800000000000002,
			"release_time" : 101.20999999999999,
			"tardiness_weight" : 3.0
		},
		{
			"due_date" : 105.65000000000001,
			"id" : 18,
			"is_internal" : true,
			"processing_time" : 3.4500000000000002,
			"release_time" : 102.06,
			"tardiness_weight" : 4.0
		},
		{
			"due_date" : 105.68000000000001,
			"id" : 19,
			"is_internal" : true,
			"processing_time" : 3.2999999999999998,
			"release_time" : 102.05,
			"tardiness_weight" : 4.0
		},
		{
			"due_date" : 106.95,
			"id" : 20,
			"is_internal" : true,
			"processing_time" : 3.71,
			"release_time" : 102.83,
			"tardiness_weight" : 3.0
		},
		{
			"due_date" : 109.43000000000001,
			"id" : 21,
			"is_internal" : true,
			"processing_time" : 3.3900000000000001,
			"release_time" : 104.66,
			"tardiness_weight" : 4.0
		},
		{
			"due_date" : 149.74000000000001,
			"id" : 22,
			"is_internal" : true,
			"processing_time" : 3.0699999999999998,
			"release_time" : 144.53999999999999,
			"tardiness_weight" : 3.0
		},
		{
			"due_date" : 152.44999999999999,
			"id" : 23,
			"is_internal" : true,
			"processing_time" : 3.2999999999999998,
			"release_time" : 147.34999999999999,
			"tardiness_weight" : 4.0
		},
		{
			"due_date" : 158.63,
			"id" : 24,
			"is_internal" : true,
			"processing_time" : 3.8999999999999999,
			"release_time" : 153.33000000000001,
			"tardiness_weight" : 3.0
		},
		{
			"due_date" : 163.47999999999999,
			"id" : 25,
			"is_internal" : true,
			"processing_time" : 3.23,
			"release_time" : 158.47999999999999,
			"tardiness_weight" : 4.0
		},
		{
			"due_date" : 169.83000000000001,
			"id" : 26,
			"is_internal" : true,
			"processing_time" : 3.6499999999999999,
			"release_time" : 163.88999999999999,
			"tardiness_weight" : 4.0
		},
		{
			"due_date" : 171.09,
			"id" : 27,
			"is_internal" : true,
			"processing_time" : 2.8399999999999999,
			"release_time" : 168.09,
			"tardiness_weight" : 3.0
		},
		{
			"due_date" : 182.63,
			"id" : 28,
			"is_internal" : true,
			"processing_time" : 2.2999999999999998,
			"release_time" : 179.02000000000001,
			"tardiness_weight" : 4.0
		},
		{
			"due_date" : 199.44999999999999,
			"id" : 29,
			"is_internal" : true,
			"processing_time" : 3.1600000000000001,
			"release_time" : 195.09999999999999,
			"tardiness_weight" : 4.0
		},
		{
			"due_date" : 208.58000000000001,
			"id" : 30,
			"is_internal" : true,
			"processing_time" : 3.3100000000000001,
			"release_time" : 204.75,
			"tardiness_weight" : 3.0
		},
		{
			"due_date" : 210.21000000000001,
			"id" : 31,
			"is_internal" : true,
			"processing_time" : 2.2000000000000002,
			"release_time" : 205.91999999999999,
			"tardiness_weight" : 3.0
		},
		{
			"due_date" : 211.83000000000001,
			"id" : 32,
			"is_internal" : true,
			"processing_time" : 3.46,
			"release_time" : 206.56999999999999,
			"tardiness_weight" : 3.0
		},
		{
			"due_date" : 227.03999999999999,
			"id" : 33,
			"is_internal" : true,
			"processing_time" : 3.6000000000000001,
			"release_time" : 222.50999999999999,
			"tardiness_weight" : 3.0
		},
		{
			"due_date" : 232.50999999999999,
			"id" : 34,
			"is_internal" : true,
			"processing_time" : 2.29,
			"release_time" : 229.03999999999999,
			"tardiness_weight" : 4.0
		},
		{
			"due_date" : 234.94999999999999,
			"id" : 35,
			"is_internal" : true,
			"processing_time" : 2.48,
			"release_time" : 229.00999999999999,
			"tardiness_weight" : 3.0
		},
		{
			"due_date" : 238.55000000000001,
			"id" : 36,
			"is_internal" : true,
			"processing_time" : 3.7400000000000002,
			"release_time" : 233.63999999999999,
			"tardiness_weight" : 3.0
		},
		{
			"due_date" : 14.58,
			"id" : 37,
			"is_internal" : false,
			"processing_time" : 2.0,
			"release_time" : 12.58,
			"tardiness_weight" : 1.0
		},
		{
			"due_date" : 15.81,
			"id" : 38,
			"is_internal" : false,
			"processing_time" : 2.0,
			"release_time" : 13.81,
			"tardiness_weight" : 1.0
		},
		{
			"due_date" : 26.23,
			"id" : 39,
			"is_internal" : false,
			"processing_time" : 2.0,
			"release_time" : 24.23,
			"tardiness_weight" : 1.0
		},
		{
			"due_date" : 27.489999999999998,
			"id" : 40,
			"is_internal" : false,
			"processing_time" : 2.0,
			"release_time" : 25.489999999999998,
			"tardiness_weight" : 1.0
		},
		{
			"due_date" : 29.690000000000001,
			"id" : 41,
			"is_internal" : false,
			"processing_time" : 2.0,
			"release_time" : 27.690000000000001,
			"tardiness_weight" : 1.0
		},
		{
			"due_date" : 34.280000000000001,
			"id" : 42,
			"is_internal" : false,
			"processing_time" : 2.0,
			"release_time" : 32.280000000000001,
			"tardiness_weight" : 1.0
		},
		{
			"due_date" : 35.259999999999998,
			"id" : 43,
			"is_internal" : false,
			"processing_time" : 2.0,
			"release_time" : 33.259999999999998,
			"tardiness_weight" : 1.0
		},
		{
			"due_date" : 43.07,
			"id" : 44,
			"is_internal" : false,
			"processing_time" : 2.0,
			"release_time" : 41.07,
			"tardiness_weight" : 1.0
		},
		{
			"due_date" : 43.75,
			"id" : 45,
			"is_internal" : false,
			"processing_time" : 2.0,
			"release_time" : 41.75,
			"tardiness_weight" : 1.0
		},
		{
			"due_date" : 46.219999999999999,
			"id" : 46,
			"is_internal" : false,
			"processing_time" : 2.0,
			"release_time" : 44.219999999999999,
			"tardiness_weight" : 1.0
		},
		{
			"due_date" : 63.579999999999998,
			"id" : 47,
			"is_internal" : false,
			"processing_time" : 2.0,
			"release_time" : 61.579999999999998,
			"tardiness_weight" : 1.0
		},
		{
			"due_date" : 66.189999999999998,
			"id" : 48,
			"is_internal" : false,
			"processing_time" : 2.0,
			"release_time" : 64.189999999999998,
			"tardiness_weight" : 1.0
		},
		{
			"due_date" : 74.040000000000006,
			"id" : 49,
			"is_internal" : false,
			"processing_time" : 2.0,
			"release_time" : 72.040000000000006,
			"tardiness_weight" : 1.0
		},
		{
			"due_date" : 75.170000000000002,
			"id" : 50,
			"is_internal" : false,
			"processing_time" : 2.0,
			"release_time" : 73.170000000000002,
			"tardiness_weight" : 1.0
		},
		{
			"due_date" : 91.5,
			"id" : 51,
			"is_internal" : false,
			"processing_time" : 2.0,
			"release_time" : 89.5,
			"tardiness_weight" : 1.0
		},
		{
			"due_date" : 91.810000000000002,
			"id" : 52,
			"is_internal" : false,
			"processing_time" : 2.0,
			"release_time" : 89.810000000000002,
			"tardiness_weight" : 1.0
		},
		{
			"due_date" : 103.11,
			"id" : 53,
			"is_internal" : false,
			"processing_time" : 2.0,
			"release_time" : 101.11,
			"tardiness_weight" : 1.0
		},
		{
			"due_date" : 106.29000000000001,
			"id" : 54,
			"is_internal" : false,
			"processing_time" : 2.0,
			"release_time" : 104.29000000000001,
			"tardiness_weight" : 1.0
		},
		{
			"due_date" : 117.0,
			"id" : 55,
			"is_internal" : false,
			"processing_time" : 2.0,
			"release_time" : 115.0,
			"tardiness_weight" : 1.0
		},
		{
			"due_date" : 130.99000000000001,
			"id" : 56,
			"is_internal" : false,
			"processing_time" : 2.0,
			"release_time" : 128.99000000000001,
			"tardiness_weight" : 1.0
		},
		{
			"due_date" : 134.38,
			"id" : 57,
			"is_internal" : false,
			"processing_time" : 2.0,
			"release_time" : 132.38,
			"tardiness_weight" : 1.0
		},
		{
			"due_date" : 135.16,
			"id" : 58,
			"is_internal" : false,
			"processing_time" : 2.0,
			"release_time" : 133.16,
			"tardiness_weight" : 1.0
		},
		{
			"due_date" : 138.15000000000001,
			"id" : 59,
			"is_internal" : false,
			"processing_time" : 2.0,
			"release_time" : 136.15000000000001,
			"tardiness_weight" : 1.0
		},
		{
			"due_date" : 143.81999999999999,
			"id" : 60,
			"is_internal" : false,
			"processing_time" : 2.0,
			"release_time" : 141.81999999999999,
			"tardiness_weight" : 1.0
		},
		{
			"due_date" : 155.53999999999999,
			"id" : 61,
			"is_internal" : false,
			"processing_time" : 2.0,
			"release_time" : 153.53999999999999,
			"tardiness_weight" : 1.0
		},
		{
			"due_date" : 166.72,
			"id" : 62,
			"is_internal" : false,
			"processing_time" : 2.0,
			"release_time" : 164.72,
			"tardiness_weight" : 1.0
		},
		{
			"due_date" : 171.74000000000001,
			"id" : 63,
			"is_internal" : false,
			"processing_time" : 2.0,
			"release_time" : 169.74000000000001,
			"tardiness_weight" : 1.0
		},
		{
			"due_date" : 177.69999999999999,
			"id" : 64,
			"is_internal" : false,
			"processing_time" : 2.0,
			"release_time" : 175.69999999999999,
			"tardiness_weight" : 1.0
		},
		{
			"due_date" : 178.31,
			"id" : 65,
			"is_internal" : false,
			"processing_time" : 2.0,
			"release_time" : 176.31,
			"tardiness_weight" : 1.0
		},
		{
			"due_date" : 191.41,
			"id" : 66,
			"is_internal" : false,
			"processing_time" : 2.0,
			"release_time" : 189.41,
			"tardiness_weight" : 1.0
		},
		{
			"due_date" : 200.25,
			"id" : 67,
			"is_internal" : false,
			"processing_time" : 2.0,
			"release_time" : 198.25,
			"tardiness_weight" : 1.0
		},
		{
			"due_date" : 210.69999999999999,
			"id" : 68,
			"is_internal" : false,
			"processing_time" : 2.0,
			"release_time" : 208.69999999999999,
			"tardiness_weight" : 1.0
		},
		{
			"due_date" : 215.77000000000001,
			"id" : 69,
			"is_internal" : false,
			"processing_time" : 2.0,
			"release_time" : 213.77000000000001,
			"tardiness_weight" : 1.0
		},
		{
			"due_date" : 220.66,
			"id" : 70,
			"is_internal" : false,
			"processing_time" : 2.0,
			"release_time" : 218.66,
			"tardiness_weight" : 1.0
		},
		{
			"due_date" : 235.56,
			"id" : 71,
			"is_internal" : false,
			"processing_time" : 2.0,
			"release_time" : 233.56,
			"tardiness_weight" : 1.0
		},
		{
			"due_date" : 240.69,
			"id" : 72,
			"is_internal" : false,
			"processing_time" : 2.0,
			"release_time" : 238.69,
			"tardiness_weight" : 1.0
		}
	],
	"time_adjacency_matrix" : 
	[
		[
			0.0,
			1.1700000000000002,
			2.1299999999999999,
			1.77,
			0.63,
			2.25,
			1.4099999999999999,
			0.56999999999999995,
			1.8899999999999999,
			1.6500000000000001,
			0.27000000000000002,
			0.27000000000000002,
			1.8300000000000001,
			0.32999999999999996,
			1.05,
			1.23,
			0.20999999999999999,
			1.05,
			1.05,
			0.56999999999999995,
			1.1100000000000001,
			1.95,
			1.71,
			0.27000000000000002,
			0.39000000000000001,
			1.53,
			0.51000000000000001,
			0.32999999999999996,
			1.4099999999999999,
			2.0699999999999998,
			1.8300000000000001,
			1.95,
			0.44999999999999996,
			2.3099999999999996,
			2.3099999999999996,
			1.95,
			2.1899999999999999,
			2.0099999999999998,
			0.14999999999999999,
			1.8300000000000001,
			1.23,
			1.71,
			0.51000000000000001,
			0.92999999999999994,
			0.27000000000000002,
			2.1299999999999999,
			1.05,
			1.47,
			0.63,
			0.74999999999999989,
			1.71,
			0.74999999999999989,
			0.74999999999999989,
			2.4299999999999997,
			1.23,
			2.0699999999999998,
			2.3099999999999996,
			0.63,
			1.1700000000000002,
			1.29,
			0.0,
			1.77,
			1.77,
			2.4299999999999997,
			0.27000000000000002,
			1.77,
			1.47,
			0.56999999999999995,
			1.8300000000000001,
			2.3699999999999997,
			2.4299999999999997,
			0.27000000000000002,
			2.1899999999999999
		],
		[
			1.1700000000000002,
			0.0,
			1.05,
			0.68999999999999995,
			0.63,
			1.1700000000000002,
			0.32999999999999996,
			0.68999999999999995,
			0.80999999999999994,
			0.56999999999999995,
			0.98999999999999988,
			0.98999999999999988,
			0.74999999999999989,
			0.92999999999999994,
			0.20999999999999999,
			0.14999999999999999,
			1.05,
			0.20999999999999999,
			0.20999999999999999,
			0.68999999999999995,
			0.14999999999999999,
			0.87,
			0.63,
			0.98999999999999988,
			0.87,
			0.44999999999999996,
			0.74999999999999989,
			0.92999999999999994,
			0.32999999999999996,
			0.98999999999999988,
			0.74999999999999989,
			0.87,
			0.80999999999999994,
			1.23,
			1.23,
			0.87,
			1.1100000000000001,
			0.92999999999999994,
			1.1100000000000001,
			0.74999999999999989,
			0.14999999999999999,
			0.63,
			0.74999999999999989,
			0.32999999999999996,
			0.98999999999999988,
			1.05,
			0.20999999999999999,
			0.39000000000000001,
			0.63,
			0.51000000000000001,
			0.63,
			0.51000000000000001,
			0.51000000000000001,
			1.3500000000000001,
			0.14999999999999999,
			0.98999999999999988,
			1.23,
			0.63,
			0.0,
			0.20999999999999999,
			1.1700000000000002,
			0.68999999999999995,
			0.68999999999999995,
			1.3500000000000001,
			0.98999999999999988,
			0.68999999999999995,
			0.39000000000000001,
			0.68999999999999995,
			0.74999999999999989,
			1.29,
			1.3500000000000001,
			0.98999999999999988,
			1.1100000000000001
		],
		[
			2.1299999999999999,
			1.05,
			0.0,
			0.44999999999999996,
			1.5900000000000001,
			0.20999999999999999,
			0.80999999999999994,
			1.6500000000000001,
			0.32999999999999996,
			0.56999999999999995,
			1.95,
			1.95,
			0.39000000000000001,
			1.8899999999999999,
			1.1700000000000002,
			0.98999999999999988,
			2.0099999999999998,
			1.1700000000000002,
			1.1700000000000002,
			1.6500000000000001,
			1.1100000000000001,
			0.27000000000000002,
			0.51000000000000001,
			1.95,
			1.8300000000000001,
			0.68999999999999995,
			1.71,
			1.8899999999999999,
			0.80999999999999994,
			0.14999999999999999,
			0.39000000000000001,
			0.27000000000000002,
			1.77,
			0.27000000000000002,
			0.27000000000000002,
			0.27000000000000002,
			0.14999999999999999,
			0.20999999999999999,
			2.0699999999999998,
			0.39000000000000001,
			0.98999999999999988,
			0.51000000000000001,
			1.71,
			1.29,
			1.95,
			0.0,
			1.1700000000000002,
			0.74999999999999989,
			1.5900000000000001,
			1.47,
			0.51000000000000001,
			1.47,
			1.47,
			0.39000000000000001,
			0.98999999999999988,
			0.14999999999999999,
			0.27000000000000002,
			1.5900000000000001,
			1.05,
			0.92999999999999994,
			2.1299999999999999,
			0.44999999999999996,
			0.44999999999999996,
			0.39000000000000001,
			1.95,
			0.44999999999999996,
			0.74999999999999989,
			1.6500000000000001,
			0.39000000000000001,
			0.32999999999999996,
			0.39000000000000001,
			1.95,
			0.14999999999999999
		],
		[
			1.77,
			0.68999999999999995,
			0.44999999999999996,
			0.0,
			1.23,
			0.56999999999999995,
			0.44999999999999996,
			1.29,
			0.20999999999999999,
			0.20999999999999999,
			1.5900000000000001,
			1.5900000000000001,
			0.14999999999999999,
			1.53,
			0.80999999999999994,
			0.63,
			1.6500000000000001,
			0.80999999999999994,
			0.80999999999999994,
			1.29,
			0.74999999999999989,
			0.27000000000000002,
			0.14999999999999999,
			1.5900000000000001,
			1.47,
			0.32999999999999996,
			1.3500000000000001,
			1.53,
			0.44999999999999996,
			0.39000000000000001,
			0.14999999999999999,
			0.27000000000000002,
			1.4099999999999999,
			0.63,
			0.63,
			0.27000000000000002,
			0.51000000000000001,
			0.32999999999999996,
			1.71,
			0.14999999999999999,
			0.63,
			0.14999999999999999,
			1.3500000000000001,
			0.92999999999999994,
			1.5900000000000001,
			0.44999999999999996,
			0.80999999999999994,
			0.39000000000000001,
			1.23,
			1.1100000000000001,
			0.14999999999999999,
			1.1100000000000001,
			1.1100000000000001,
			0.74999999999999989,
			0.63,
			0.39000000000000001,
			0.63,
			1.23,
			0.68999999999999995,
			0.56999999999999995,
			1.77,
			0.0,
			0.0,
			0.74999999999999989,
			1.5900000000000001,
			0.0,
			0.39000000000000001,
			1.29,
			0.14999999999999999,
			0.68999999999999995,
			0.74999999999999989,
			1.5900000000000001,
			0.51000000000000001
		],
		[
			0.63,
			0.63,
			1.5900000000000001,
			1.23,
			0.0,
			1.71,
			0.87,
			0.14999999999999999,
			1.3500000000000001,
			1.1100000000000001,
			0.44999999999999996,
			0.44999999999999996,
			1.29,
			0.39000000000000001,
			0.51000000000000001,
			0.68999999999999995,
			0.51000000000000001,
			0.51000000000000001,
			0.51000000000000001,
			0.14999999999999999,
			0.56999999999999995,
			1.4099999999999999,
			1.1700000000000002,
			0.44999999999999996,
			0.32999999999999996,
			0.98999999999999988,
			0.20999999999999999,
			0.39000000000000001,
			0.87,
			1.53,
			1.29,
			1.4099999999999999,
			0.27000000000000002,
			1.77,
			1.77,
			1.4099999999999999,
			1.6500000000000001,
			1.47,
			0.56999999999999995,
			1.29,
			0.68999999999999995,
			1.1700000000000002,
			0.20999999999999999,
			0.39000000000000001,
			0.44999999999999996,
			1.5900000000000001,
			0.51000000000000001,
			0.92999999999999994,
			0.0,
			0.20999999999999999,
			1.1700000000000002,
			0.20999999999999999,
			0.20999999999999999,
			1.8899999999999999,
			0.68999999999999995,
			1.53,
			1.77,
			0.0,
			0.63,
			0.74999999999999989,
			0.63,
			1.23,
			1.23,
			1.8899999999999999,
			0.44999999999999996,
			1.23,
			0.92999999999999994,
			0.14999999999999999,
			1.29,
			1.8300000000000001,
			1.8899999999999999,
			0.44999999999999996,
			1.6500000000000001
		],
		[
			2.25,
			1.1700000000000002,
			0.20999999999999999,
			0.56999999999999995,
			1.71,
			0.0,
			0.92999999999999994,
			1.77,
			0.44999999999999996,
			0.68999999999999995,
			2.0699999999999998,
			2.0699999999999998,
			0.51000000000000001,
			2.0099999999999998,
			1.29,
			1.1100000000000001,
			2.1299999999999999,
			1.29,
			1.29,
			1.77,
			1.23,
			0.39000000000000001,
			0.63,
			2.0699999999999998,
			1.95,
			0.80999999999999994,
			1.8300000000000001,
			2.0099999999999998,
			0.92999999999999994,
			0.27000000000000002,
			0.51000000000000001,
			0.39000000000000001,
			1.8899999999999999,
			0.14999999999999999,
			0.14999999999999999,
			0.39000000000000001,
			0.14999999999999999,
			0.32999999999999996,
			2.1899999999999999,
			0.51000000000000001,
			1.1100000000000001,
			0.63,
			1.8300000000000001,
			1.4099999999999999,
			2.0699999999999998,
			0.20999999999999999,
			1.29,
			0.87,
			1.71,
			1.5900000000000001,
			0.63,
			1.5900000000000001,
			1.5900000000000001,
			0.27000000000000002,
			1.1100000000000001,
			0.27000000000000002,
			0.14999999999999999,
			1.71,
			1.1700000000000002,
			1.05,
			2.25,
			0.56999999999999995,
			0.56999999999999995,
			0.27000000000000002,
			2.0699999999999998,
			0.56999999999999995,
			0.87,
			1.77,
			0.51000000000000001,
			0.20999999999999999,
			0.27000000000000002,
			2.0699999999999998,
			0.14999999999999999
		],
		[
			1.4099999999999999,
			0.32999999999999996,
			0.80999999999999994,
			0.44999999999999996,
			0.87,
			0.92999999999999994,
			0.0,
			0.92999999999999994,
			0.56999999999999995,
			0.32999999999999996,
			1.23,
			1.23,
			0.51000000000000001,
			1.1700000000000002,
			0.44999999999999996,
			0.27000000000000002,
			1.29,
			0.44999999999999996,
			0.44999999999999996,
			0.92999999999999994,
			0.39000000000000001,
			0.63,
			0.39000000000000001,
			1.23,
			1.1100000000000001,
			0.20999999999999999,
			0.98999999999999988,
			1.1700000000000002,
			0.0,
			0.74999999999999989,
			0.51000000000000001,
			0.63,
			1.05,
			0.98999999999999988,
			0.98999999999999988,
			0.63,
			0.87,
			0.68999999999999995,
			1.3500000000000001,
			0.51000000000000001,
			0.27000000000000002,
			0.39000000000000001,
			0.98999999999999988,
			0.56999999999999995,
			1.23,
			0.80999999999999994,
			0.44999999999999996,
			0.14999999999999999,
			0.87,
			0.74999999999999989,
			0.39000000000000001,
			0.74999999999999989,
			0.74999999999999989,
			1.1100000000000001,
			0.27000000000000002,
			0.74999999999999989,
			0.98999999999999988,
			0.87,
			0.32999999999999996,
			0.20999999999999999,
			1.4099999999999999,
			0.44999999999999996,
			0.44999999999999996,
			1.1100000000000001,
			1.23,
			0.44999999999999996,
			0.14999999999999999,
			0.92999999999999994,
			0.51000000000000001,
			1.05,
			1.1100000000000001,
			1.23,
			0.87
		],
		[
			0.56999999999999995,
			0.68999999999999995,
			1.6500000000000001,
			1.29,
			0.14999999999999999,
			1.77,
			0.92999999999999994,
			0.0,
			1.4099999999999999,
			1.1700000000000002,
			0.39000000000000001,
			0.39000000000000001,
			1.3500000000000001,
			0.32999999999999996,
			0.56999999999999995,
			0.74999999999999989,
			0.44999999999999996,
			0.56999999999999995,
			0.56999999999999995,
			0.0,
			0.63,
			1.47,
			1.23,
			0.39000000000000001,
			0.27000000000000002,
			1.05,
			0.14999999999999999,
			0.32999999999999996,
			0.92999999999999994,
			1.5900000000000001,
			1.3500000000000001,
			1.47,
			0.20999999999999999,
			1.8300000000000001,
			1.8300000000000001,
			1.47,
			1.71,
			1.53,
			0.51000000000000001,
			1.3500000000000001,
			0.74999999999999989,
			1.23,
			0.14999999999999999,
			0.44999999999999996,
			0.39000000000000001,
			1.6500000000000001,
			0.56999999999999995,
			0.98999999999999988,
			0.14999999999999999,
			0.27000000000000002,
			1.23,
			0.27000000000000002,
			0.27000000000000002,
			1.95,
			0.74999999999999989,
			1.5900000000000001,
			1.8300000000000001,
			0.14999999999999999,
			0.68999999999999995,
			0.80999999999999994,
			0.56999999999999995,
			1.29,
			1.29,
			1.95,
			0.39000000000000001,
			1.29,
			0.98999999999999988,
			0.0,
			1.3500000000000001,
			1.8899999999999999,
			1.95,
			0.39000000000000001,
			1.71
		],
		[
			1.8899999999999999,
			0.80999999999999994,
			0.32999999999999996,
			0.20999999999999999,
			1.3500000000000001,
			0.44999999999999996,
			0.56999999999999995,
			1.4099999999999999,
			0.0,
			0.32999999999999996,
			1.71,
			1.71,
			0.14999999999999999,
			1.6500000000000001,
			0.92999999999999994,
			0.74999999999999989,
			1.77,
			0.92999999999999994,
			0.92999999999999994,
			1.4099999999999999,
			0.87,
			0.14999999999999999,
			0.27000000000000002,
			1.71,
			1.5900000000000001,
			0.44999999999999996,
			1.47,
			1.6500000000000001,
			0.56999999999999995,
			0.27000000000000002,
			0.14999999999999999,
			0.14999999999999999,
			1.53,
			0.51000000000000001,
			0.51000000000000001,
			0.14999999999999999,
			0.39000000000000001,
			0.20999999999999999,
			1.8300000000000001,
			0.14999999999999999,
			0.74999999999999989,
			0.27000000000000002,
			1.47,
			1.05,
			1.71,
			0.32999999999999996,
			0.92999999999999994,
			0.51000000000000001,
			1.3500000000000001,
			1.23,
			0.27000000000000002,
			1.23,
			1.23,
			0.63,
			0.74999999999999989,
			0.27000000000000002,
			0.51000000000000001,
			1.3500000000000001,
			0.80999999999999994,
			0.68999999999999995,
			1.8899999999999999,
			0.20999999999999999,
			0.20999999999999999,
			0.63,
			1.71,
			0.20999999999999999,
			0.51000000000000001,
			1.4099999999999999,
			0.14999999999999999,
			0.56999999999999995,
			0.63,
			1.71,
			0.39000000000000001
		],
		[
			1.6500000000000001,
			0.56999999999999995,
			0.56999999999999995,
			0.20999999999999999,
			1.1100000000000001,
			0.68999999999999995,
			0.32999999999999996,
			1.1700000000000002,
			0.32999999999999996,
			0.0,
			1.47,
			1.47,
			0.27000000000000002,
			1.4099999999999999,
			0.68999999999999995,
			0.51000000000000001,
			1.53,
			0.68999999999999995,
			0.68999999999999995,
			1.1700000000000002,
			0.63,
			0.39000000000000001,
			0.14999999999999999,
			1.47,
			1.3500000000000001,
			0.20999999999999999,
			1.23,
			1.4099999999999999,
			0.32999999999999996,
			0.51000000000000001,
			0.27000000000000002,
			0.39000000000000001,
			1.29,
			0.74999999999999989,
			0.74999999999999989,
			0.39000000000000001,
			0.63,
			0.44999999999999996,
			1.5900000000000001,
			0.27000000000000002,
			0.51000000000000001,
			0.14999999999999999,
			1.23,
			0.80999999999999994,
			1.47,
			0.56999999999999995,
			0.68999999999999995,
			0.27000000000000002,
			1.1100000000000001,
			0.98999999999999988,
			0.14999999999999999,
			0.98999999999999988,
			0.98999999999999988,
			0.87,
			0.51000000000000001,
			0.51000000000000001,
			0.74999999999999989,
			1.1100000000000001,
			0.56999999999999995,
			0.44999999999999996,
			1.6500000000000001,
			0.20999999999999999,
			0.20999999999999999,
			0.87,
			1.47,
			0.20999999999999999,
			0.27000000000000002,
			1.1700000000000002,
			0.27000000000000002,
			0.80999999999999994,
			0.87,
			1.47,
			0.63
		],
		[
			0.27000000000000002,
			0.98999999999999988,
			1.95,
			1.5900000000000001,
			0.44999999999999996,
			2.0699999999999998,
			1.23,
			0.39000000000000001,
			1.71,
			1.47,
			0.0,
			0.0,
			1.6500000000000001,
			0.14999999999999999,
			0.87,
			1.05,
			0.14999999999999999,
			0.87,
			0.87,
			0.39000000000000001,
			0.92999999999999994,
			1.77,
			1.53,
			0.0,
			0.20999999999999999,
			1.3500000000000001,
			0.32999999999999996,
			0.14999999999999999,
			1.23,
			1.8899999999999999,
			1.6500000000000001,
			1.77,
			0.27000000000000002,
			2.1299999999999999,
			2.1299999999999999,
			1.77,
			2.0099999999999998,
			1.8300000000000001,
			0.20999999999999999,
			1.6500000000000001,
			1.05,
			1.53,
			0.32999999999999996,
			0.74999999999999989,
			0.0,
			1.95,
			0.87,
			1.29,
			0.44999999999999996,
			0.56999999999999995,
			1.53,
			0.56999999999999995,
			0.56999999999999995,
			2.25,
			1.05,
			1.8899999999999999,
			2.1299999999999999,
			0.44999999999999996,
			0.98999999999999988,
			1.1100000000000001,
			0.27000000000000002,
			1.5900000000000001,
			1.5900000000000001,
			2.25,
			0.0,
			1.5900000000000001,
			1.29,
			0.39000000000000001,
			1.6500000000000001,
			2.1899999999999999,
			2.25,
			0.0,
			2.0099999999999998
		],
		[
			0.27000000000000002,
			0.98999999999999988,
			1.95,
			1.5900000000000001,
			0.44999999999999996,
			2.0699999999999998,
			1.23,
			0.39000000000000001,
			1.71,
			1.47,
			0.0,
			0.0,
			1.6500000000000001,
			0.14999999999999999,
			0.87,
			1.05,
			0.14999999999999999,
			0.87,
			0.87,
			0.39000000000000001,
			0.92999999999999994,
			1.77,
			1.53,
			0.0,
			0.20999999999999999,
			1.3500000000000001,
			0.32999999999999996,
			0.14999999999999999,
			1.23,
			1.8899999999999999,
			1.6500000000000001,
			1.77,
			0.27000000000000002,
			2.1299999999999999,
			2.1299999999999999,
			1.77,
			2.0099999999999998,
			1.8300000000000001,
			0.20999999999999999,
			1.6500000000000001,
			1.05,
			1.53,
			0.32999999999999996,
			0.74999999999999989,
			0.0,
			1.95,
			0.87,
			1.29,
			0.44999999999999996,
			0.56999999999999995,
			1.53,
			0.56999999999999995,
			0.56999999999999995,
			2.25,
			1.05,
			1.8899999999999999,
			2.1299999999999999,
			0.44999999999999996,
			0.98999999999999988,
			1.1100000000000001,
			0.27000000000000002,
			1.5900000000000001,
			1.5900000000000001,
			2.25,
			0.0,
			1.5900000000000001,
			1.29,
			0.39000000000000001,
			1.6500000000000001,
			2.1899999999999999,
			2.25,
			0.0,
			2.0099999999999998
		],
		[
			1.8300000000000001,
			0.74999999999999989,
			0.39000000000000001,
			0.14999999999999999,
			1.29,
			0.51000000000000001,
			0.51000000000000001,
			1.3500000000000001,
			0.14999999999999999,
			0.27000000000000002,
			1.6500000000000001,
			1.6500000000000001,
			0.0,
			1.5900000000000001,
			0.87,
			0.68999999999999995,
			1.71,
			0.87,
			0.87,
			1.3500000000000001,
			0.80999999999999994,
			0.20999999999999999,
			0.20999999999999999,
			1.6500000000000001,
			1.53,
			0.39000000000000001,
			1.4099999999999999,
			1.5900000000000001,
			0.51000000000000001,
			0.32999999999999996,
			0.0,
			0.20999999999999999,
			1.47,
			0.56999999999999995,
			0.56999999999999995,
			0.20999999999999999,
			0.44999999999999996,
			0.27000000000000002,
			1.77,
			0.0,
			0.68999999999999995,
			0.20999999999999999,
			1.4099999999999999,
			0.98999999999999988,
			1.6500000000000001,
			0.39000000000000001,
			0.87,
			0.44999999999999996,
			1.29,
			1.1700000000000002,
			0.20999999999999999,
			1.1700000000000002,
			1.1700000000000002,
			0.68999999999999995,
			0.68999999999999995,
			0.32999999999999996,
			0.56999999999999995,
			1.29,
			0.74999999999999989,
			0.63,
			1.8300000000000001,
			0.14999999999999999,
			0.14999999999999999,
			0.68999999999999995,
			1.6500000000000001,
			0.14999999999999999,
			0.44999999999999996,
			1.3500000000000001,
			0.0,
			0.63,
			0.68999999999999995,
			1.6500000000000001,
			0.44999999999999996
		],
		[
			0.32999999999999996,
			0.92999999999999994,
			1.8899999999999999,
			1.53,
			0.39000000000000001,
			2.0099999999999998,
			1.1700000000000002,
			0.32999999999999996,
			1.6500000000000001,
			1.4099999999999999,
			0.14999999999999999,
			0.14999999999999999,
			1.5900000000000001,
			0.0,
			0.80999999999999994,
			0.98999999999999988,
			0.20999999999999999,
			0.80999999999999994,
			0.80999999999999994,
			0.32999999999999996,
			0.87,
			1.71,
			1.47,
			0.14999999999999999,
			0.14999999999999999,
			1.29,
			0.27000000000000002,
			0.0,
			1.1700000000000002,
			1.8300000000000001,
			1.5900000000000001,
			1.71,
			0.20999999999999999,
			2.0699999999999998,
			2.0699999999999998,
			1.71,
			1.95,
			1.77,
			0.27000000000000002,
			1.5900000000000001,
			0.98999999999999988,
			1.47,
			0.27000000000000002,
			0.68999999999999995,
			0.14999999999999999,
			1.8899999999999999,
			0.80999999999999994,
			1.23,
			0.39000000000000001,
			0.51000000000000001,
			1.47,
			0.51000000000000001,
			0.51000000000000001,
			2.1899999999999999,
			0.98999999999999988,
			1.8300000000000001,
			2.0699999999999998,
			0.39000000000000001,
			0.92999999999999994,
			1.05,
			0.32999999999999996,
			1.53,
			1.53,
			2.1899999999999999,
			0.14999999999999999,
			1.53,
			1.23,
			0.32999999999999996,
			1.5900000000000001,
			2.1299999999999999,
			2.1899999999999999,
			0.14999999999999999,
			1.95
		],
		[
			1.05,
			0.20999999999999999,
			1.1700000000000002,
			0.80999999999999994,
			0.51000000000000001,
			1.29,
			0.44999999999999996,
			0.56999999999999995,
			0.92999999999999994,
			0.68999999999999995,
			0.87,
			0.87,
			0.87,
			0.80999999999999994,
			0.0,
			0.27000000000000002,
			0.92999999999999994,
			0.0,
			0.0,
			0.56999999999999995,
			0.14999999999999999,
			0.98999999999999988,
			0.74999999999999989,
			0.87,
			0.74999999999999989,
			0.56999999999999995,
			0.63,
			0.80999999999999994,
			0.44999999999999996,
			1.1100000000000001,
			0.87,
			0.98999999999999988,
			0.68999999999999995,
			1.3500000000000001,
			1.3500000000000001,
			0.98999999999999988,
			1.23,
			1.05,
			0.98999999999999988,
			0.87,
			0.27000000000000002,
			0.74999999999999989,
			0.63,
			0.20999999999999999,
			0.87,
			1.1700000000000002,
			0.0,
			0.51000000000000001,
			0.51000000000000001,
			0.39000000000000001,
			0.74999999999999989,
			0.39000000000000001,
			0.39000000000000001,
			1.47,
			0.27000000000000002,
			1.1100000000000001,
			1.3500000000000001,
			0.51000000000000001,
			0.20999999999999999,
			0.32999999999999996,
			1.05,
			0.80999999999999994,
			0.80999999999999994,
			1.47,
			0.87,
			0.80999999999999994,
			0.51000000000000001,
			0.56999999999999995,
			0.87,
			1.4099999999999999,
			1.47,
			0.87,
			1.23
		],
		[
			1.23,
			0.14999999999999999,
			0.98999999999999988,
			0.63,
			0.68999999999999995,
			1.1100000000000001,
			0.27000000000000002,
			0.74999999999999989,
			0.74999999999999989,
			0.51000000000000001,
			1.05,
			1.05,
			0.68999999999999995,
			0.98999999999999988,
			0.27000000000000002,
			0.0,
			1.1100000000000001,
			0.27000000000000002,
			0.27000000000000002,
			0.74999999999999989,
			0.20999999999999999,
			0.80999999999999994,
			0.56999999999999995,
			1.05,
			0.92999999999999994,
			0.39000000000000001,
			0.80999999999999994,
			0.98999999999999988,
			0.27000000000000002,
			0.92999999999999994,
			0.68999999999999995,
			0.80999999999999994,
			0.87,
			1.1700000000000002,
			1.1700000000000002,
			0.80999999999999994,
			1.05,
			0.87,
			1.1700000000000002,
			0.68999999999999995,
			0.0,
			0.56999999999999995,
			0.80999999999999994,
			0.39000000000000001,
			1.05,
			0.98999999999999988,
			0.27000000000000002,
			0.32999999999999996,
			0.68999999999999995,
			0.56999999999999995,
			0.56999999999999995,
			0.56999999999999995,
			0.56999999999999995,
			1.29,
			0.0,
			0.92999999999999994,
			1.1700000000000002,
			0.68999999999999995,
			0.14999999999999999,
			0.14999999999999999,
			1.23,
			0.63,
			0.63,
			1.29,
			1.05,
			0.63,
			0.32999999999999996,
			0.74999999999999989,
			0.68999999999999995,
			1.23,
			1.29,
			1.05,
			1.05
		],
		[
			0.20999999999999999,
			1.05,
			2.0099999999999998,
			1.6500000000000001,
			0.51000000000000001,
			2.1299999999999999,
			1.29,
			0.44999999999999996,
			1.77,
			1.53,
			0.14999999999999999,
			0.14999999999999999,
			1.71,
			0.20999999999999999,
			0.92999999999999994,
			1.1100000000000001,
			0.0,
			0.92999999999999994,
			0.92999999999999994,
			0.44999999999999996,
			0.98999999999999988,
			1.8300000000000001,
			1.5900000000000001,
			0.14999999999999999,
			0.27000000000000002,
			1.4099999999999999,
			0.39000000000000001,
			0.20999999999999999,
			1.29,
			1.95,
			1.71,
			1.8300000000000001,
			0.32999999999999996,
			2.1899999999999999,
			2.1899999999999999,
			1.8300000000000001,
			2.0699999999999998,
			1.8899999999999999,
			0.14999999999999999,
			1.71,
			1.1100000000000001,
			1.5900000000000001,
			0.39000000000000001,
			0.80999999999999994,
			0.14999999999999999,
			2.0099999999999998,
			0.92999999999999994,
			1.3500000000000001,
			0.51000000000000001,
			0.63,
			1.5900000000000001,
			0.63,
			0.63,
			2.3099999999999996,
			1.1100000000000001,
			1.95,
			2.1899999999999999,
			0.51000000000000001,
			1.05,
			1.1700000000000002,
			0.20999999999999999,
			1.6500000000000001,
			1.6500000000000001,
			2.3099999999999996,
			0.14999999999999999,
			1.6500000000000001,
			1.3500000000000001,
			0.44999999999999996,
			1.71,
			2.25,
			2.3099999999999996,
			0.14999999999999999,
			2.0699999999999998
		],
		[
			1.05,
			0.20999999999999999,
			1.1700000000000002,
			0.80999999999999994,
			0.51000000000000001,
			1.29,
			0.44999999999999996,
			0.56999999999999995,
			0.92999999999999994,
			0.68999999999999995,
			0.87,
			0.87,
			0.87,
			0.80999999999999994,
			0.0,
			0.27000000000000002,
			0.92999999999999994,
			0.0,
			0.0,
			0.56999999999999995,
			0.14999999999999999,
			0.98999999999999988,
			0.74999999999999989,
			0.87,
			0.74999999999999989,
			0.56999999999999995,
			0.63,
			0.80999999999999994,
			0.44999999999999996,
			1.1100000000000001,
			0.87,
			0.98999999999999988,
			0.68999999999999995,
			1.3500000000000001,
			1.3500000000000001,
			0.98999999999999988,
			1.23,
			1.05,
			0.98999999999999988,
			0.87,
			0.27000000000000002,
			0.74999999999999989,
			0.63,
			0.20999999999999999,
			0.87,
			1.1700000000000002,
			0.0,
			0.51000000000000001,
			0.51000000000000001,
			0.39000000000000001,
			0.74999999999999989,
			0.39000000000000001,
			0.39000000000000001,
			1.47,
			0.27000000000000002,
			1.1100000000000001,
			1.3500000000000001,
			0.51000000000000001,
			0.20999999999999999,
			0.32999999999999996,
			1.05,
			0.80999999999999994,
			0.80999999999999994,
			1.47,
			0.87,
			0.80999999999999994,
			0.51000000000000001,
			0.56999999999999995,
			0.87,
			1.4099999999999999,
			1.47,
			0.87,
			1.23
		],
		[
			1.05,
			0.20999999999999999,
			1.1700000000000002,
			0.80999999999999994,
			0.51000000000000001,
			1.29,
			0.44999999999999996,
			0.56999999999999995,
			0.92999999999999994,
			0.68999999999999995,
			0.87,
			0.87,
			0.87,
			0.80999999999999994,
			0.0,
			0.27000000000000002,
			0.92999999999999994,
			0.0,
			0.0,
			0.56999999999999995,
			0.14999999999999999,
			0.98999999999999988,
			0.74999999999999989,
			0.87,
			0.74999999999999989,
			0.56999999999999995,
			0.63,
			0.80999999999999994,
			0.44999999999999996,
			1.1100000000000001,
			0.87,
			0.98999999999999988,
			0.68999999999999995,
			1.3500000000000001,
			1.3500000000000001,
			0.98999999999999988,
			1.23,
			1.05,
			0.98999999999999988,
			0.87,
