{
	"instance_setting" : 
	{
		"average_number_of_tasks_executed_by_yc_per_hour" : 18,
		"external_task_ratio" : 0.29999999999999999,
		"instance_id" : 42,
		"number_of_external_tasks" : 22,
		"number_of_internal_tasks" : 50,
		"number_of_tasks" : 72,
		"planning_window_length_in_hours" : 4.0
	},
	"offline_optimal" : 1759.9700000000037,
	"offline_solution_computation_time_in_seconds" : 2.0433436999999999,
	"offline_solution_task_sequence" : 
	[
		0,
		2,
		1,
		5,
		4,
		6,
		8,
		7,
		3,
		51,
		9,
		10,
		52,
		11,
		53,
		12,
		13,
		14,
		54,
		15,
		55,
		16,
		19,
		18,
		20,
		17,
		22,
		21,
		56,
		23,
		24,
		25,
		60,
		27,
		61,
		26,
		29,
		30,
		64,
		33,
		31,
		58,
		62,
		32,
		34,
		28,
		37,
		38,
		39,
		66,
		41,
		40,
		36,
		43,
		35,
		44,
		57,
		46,
		48,
		47,
		49,
		42,
		45,
		50,
		71,
		59,
		63,
		67,
		70,
		72,
		65,
		68,
		69
	],
	"tasks" : 
	[
		{
			"due_date" : 0.0,
			"id" : 0,
			"is_internal" : true,
			"processing_time" : 0.0,
			"release_time" : 0.0,
			"tardiness_weight" : 0.0
		},
		{
			"due_date" : 0.059999999999999998,
			"id" : 1,
			"is_internal" : true,
			"processing_time" : 2.1600000000000001,
			"release_time" : 0.0,
			"tardiness_weight" : 3.0
		},
		{
			"due_date" : 4.46,
			"id" : 2,
			"is_internal" : true,
			"processing_time" : 2.3599999999999999,
			"release_time" : 0.01,
			"tardiness_weight" : 4.0
		},
		{
			"due_date" : 9.4000000000000004,
			"id" : 3,
			"is_internal" : true,
			"processing_time" : 3.6200000000000001,
			"release_time" : 3.6000000000000001,
			"tardiness_weight" : 3.0
		},
		{
			"due_date" : 10.640000000000001,
			"id" : 4,
			"is_internal" : true,
			"processing_time" : 2.3199999999999998,
			"release_time" : 7.46,
			"tardiness_weight" : 3.0
		},
		{
			"due_date" : 12.92,
			"id" : 5,
			"is_internal" : true,
			"processing_time" : 3.29,
			"release_time" : 7.1399999999999997,
			"tardiness_weight" : 3.0
		},
		{
			"due_date" : 17.16,
			"id" : 6,
			"is_internal" : true,
			"processing_time" : 3.1400000000000001,
			"release_time" : 13.390000000000001,
			"tardiness_weight" : 3.0
		},
		{
			"due_date" : 19.960000000000001,
			"id" : 7,
			"is_internal" : true,
			"processing_time" : 3.8700000000000001,
			"release_time" : 15.789999999999999,
			"tardiness_weight" : 4.0
		},
		{
			"due_date" : 22.149999999999999,
			"id" : 8,
			"is_internal" : true,
			"processing_time" : 3.52,
			"release_time" : 16.329999999999998,
			"tardiness_weight" : 4.0
		},
		{
			"due_date" : 36.880000000000003,
			"id" : 9,
			"is_internal" : true,
			"processing_time" : 3.6099999999999999,
			"release_time" : 32.009999999999998,
			"tardiness_weight" : 3.0
		},
		{
			"due_date" : 44.770000000000003,
			"id" : 10,
			"is_internal" : true,
			"processing_time" : 2.75,
			"release_time" : 41.090000000000003,
			"tardiness_weight" : 4.0
		},
		{
			"due_date" : 56.030000000000001,
			"id" : 11,
			"is_internal" : true,
			"processing_time" : 3.7200000000000002,
			"release_time" : 51.520000000000003,
			"tardiness_weight" : 4.0
		},
		{
			"due_date" : 66.459999999999994,
			"id" : 12,
			"is_internal" : true,
			"processing_time" : 2.3799999999999999,
			"release_time" : 61.32,
			"tardiness_weight" : 4.0
		},
		{
			"due_date" : 71.430000000000007,
			"id" : 13,
			"is_internal" : true,
			"processing_time" : 2.21,
			"release_time" : 66.010000000000005,
			"tardiness_weight" : 3.0
		},
		{
			"due_date" : 79.390000000000001,
			"id" : 14,
			"is_internal" : true,
			"processing_time" : 3.1600000000000001,
			"release_time" : 75.909999999999997,
			"tardiness_weight" : 4.0
		},
		{
			"due_date" : 90.489999999999995,
			"id" : 15,
			"is_internal" : true,
			"processing_time" : 3.48,
			"release_time" : 86.799999999999997,
			"tardiness_weight" : 3.0
		},
		{
			"due_date" : 99.310000000000002,
			"id" : 16,
			"is_internal" : true,
			"processing_time" : 3.3399999999999999,
			"release_time" : 95.439999999999998,
			"tardiness_weight" : 4.0
		},
		{
			"due_date" : 100.98999999999999,
			"id" : 17,
			"is_internal" : true,
			"processing_time" : 3.29,
			"release_time" : 97.329999999999998,
			"tardiness_weight" : 3.0
		},
		{
			"due_date" : 103.51000000000001,
			"id" : 18,
			"is_internal" : true,
			"processing_time" : 2.4199999999999999,
			"release_time" : 99.469999999999999,
			"tardiness_weight" : 3.0
		},
		{
			"due_date" : 103.87,
			"id" : 19,
			"is_internal" : true,
			"processing_time" : 2.1200000000000001,
			"release_time" : 100.09,
			"tardiness_weight" : 3.0
		},
		{
			"due_date" : 108.19,
			"id" : 20,
			"is_internal" : true,
			"processing_time" : 2.02,
			"release_time" : 105.69,
			"tardiness_weight" : 4.0
		},
		{
			"due_date" : 110.73999999999999,
			"id" : 21,
			"is_internal" : true,
			"processing_time" : 2.5299999999999998,
			"release_time" : 106.81,
			"tardiness_weight" : 4.0
		},
		{
			"due_date" : 115.81999999999999,
			"id" : 22,
			"is_internal" : true,
			"processing_time" : 3.54,
			"release_time" : 111.15000000000001,
			"tardiness_weight" : 3.0
		},
		{
			"due_date" : 125.86,
			"id" : 23,
			"is_internal" : true,
			"processing_time" : 2.6400000000000001,
			"release_time" : 120.37,
			"tardiness_weight" : 4.0
		},
		{
			"due_date" : 127.33,
			"id" : 24,
			"is_internal" : true,
			"processing_time" : 3.3599999999999999,
			"release_time" : 122.56,
			"tardiness_weight" : 4.0
		},
		{
			"due_date" : 127.61,
			"id" : 25,
			"is_internal" : true,
			"processing_time" : 3.8399999999999999,
			"release_time" : 122.23999999999999,
			"tardiness_weight" : 4.0
		},
		{
			"due_date" : 136.5,
			"id" : 26,
			"is_internal" : true,
			"processing_time" : 2.5,
			"release_time" : 133.44999999999999,
			"tardiness_weight" : 3.0
		},
		{
			"due_date" : 139.33000000000001,
			"id" : 27,
			"is_internal" : true,
			"processing_time" : 3.6200000000000001,
			"release_time" : 135.22999999999999,
			"tardiness_weight" : 4.0
		},
		{
			"due_date" : 143.80000000000001,
			"id" : 28,
			"is_internal" : true,
			"processing_time" : 2.1800000000000002,
			"release_time" : 138.87,
			"tardiness_weight" : 3.0
		},
		{
			"due_date" : 144.09999999999999,
			"id" : 29,
			"is_internal" : true,
			"processing_time" : 3.4300000000000002,
			"release_time" : 139.84,
			"tardiness_weight" : 4.0
		},
		{
			"due_date" : 147.16999999999999,
			"id" : 30,
			"is_internal" : true,
			"processing_time" : 3.6099999999999999,
			"release_time" : 141.65000000000001,
			"tardiness_weight" : 3.0
		},
		{
			"due_date" : 150.78,
			"id" : 31,
			"is_internal" : true,
			"processing_time" : 2.8100000000000001,
			"release_time" : 146.38999999999999,
			"tardiness_weight" : 3.0
		},
		{
			"due_date" : 158.22,
			"id" : 32,
			"is_internal" : true,
			"processing_time" : 2.98,
			"release_time" : 153.12,
			"tardiness_weight" : 3.0
		},
		{
			"due_date" : 158.83000000000001,
			"id" : 33,
			"is_internal" : true,
			"processing_time" : 3.5099999999999998,
			"release_time" : 153.08000000000001,
			"tardiness_weight" : 3.0
		},
		{
			"due_date" : 163.34,
			"id" : 34,
			"is_internal" : true,
			"processing_time" : 2.5099999999999998,
			"release_time" : 158.41999999999999,
			"tardiness_weight" : 3.0
		},
		{
			"due_date" : 163.78999999999999,
			"id" : 35,
			"is_internal" : true,
			"processing_time" : 3.96,
			"release_time" : 158.66999999999999,
			"tardiness_weight" : 3.0
		},
		{
			"due_date" : 164.31,
			"id" : 36,
			"is_internal" : true,
			"processing_time" : 2.8900000000000001,
			"release_time" : 158.62,
			"tardiness_weight" : 3.0
		},
		{
			"due_date" : 176.88999999999999,
			"id" : 37,
			"is_internal" : true,
			"processing_time" : 3.2000000000000002,
			"release_time" : 171.88999999999999,
			"tardiness_weight" : 4.0
		},
		{
			"due_date" : 179.16,
			"id" : 38,
			"is_internal" : true,
			"processing_time" : 3.79,
			"release_time" : 175.13999999999999,
			"tardiness_weight" : 4.0
		},
		{
			"due_date" : 181.94,
			"id" : 39,
			"is_internal" : true,
			"processing_time" : 2.5899999999999999,
			"release_time" : 178.05000000000001,
			"tardiness_weight" : 4.0
		},
		{
			"due_date" : 188.28999999999999,
			"id" : 40,
			"is_internal" : true,
			"processing_time" : 3.1600000000000001,
			"release_time" : 184.78,
			"tardiness_weight" : 3.0
		},
		{
			"due_date" : 191.02000000000001,
			"id" : 41,
			"is_internal" : true,
			"processing_time" : 3.7000000000000002,
			"release_time" : 187.25999999999999,
			"tardiness_weight" : 4.0
		},
		{
			"due_date" : 197.71000000000001,
			"id" : 42,
			"is_internal" : true,
			"processing_time" : 3.7200000000000002,
			"release_time" : 192.71000000000001,
			"tardiness_weight" : 3.0
		},
		{
			"due_date" : 202.78999999999999,
			"id" : 43,
			"is_internal" : true,
			"processing_time" : 3.5499999999999998,
			"release_time" : 198.12,
			"tardiness_weight" : 3.0
		},
		{
			"due_date" : 204.56999999999999,
			"id" : 44,
			"is_internal" : true,
			"processing_time" : 2.5600000000000001,
			"release_time" : 199.81999999999999,
			"tardiness_weight" : 3.0
		},
		{
			"due_date" : 214.38999999999999,
			"id" : 45,
			"is_internal" : true,
			"processing_time" : 2.9399999999999999,
			"release_time" : 210.12,
			"tardiness_weight" : 4.0
		},
		{
			"due_date" : 214.87,
			"id" : 46,
			"is_internal" : true,
			"processing_time" : 2.27,
			"release_time" : 209.72999999999999,
			"tardiness_weight" : 3.0
		},
		{
			"due_date" : 216.78999999999999,
			"id" : 47,
			"is_internal" : true,
			"processing_time" : 2.7599999999999998,
			"release_time" : 213.22,
			"tardiness_weight" : 4.0
		},
		{
			"due_date" : 219.15000000000001,
			"id" : 48,
			"is_internal" : true,
			"processing_time" : 2.29,
			"release_time" : 214.58000000000001,
			"tardiness_weight" : 3.0
		},
		{
			"due_date" : 224.06,
			"id" : 49,
			"is_internal" : true,
			"processing_time" : 2.21,
			"release_time" : 219.27000000000001,
			"tardiness_weight" : 3.0
		},
		{
			"due_date" : 227.09,
			"id" : 50,
			"is_internal" : true,
			"processing_time" : 3.1000000000000001,
			"release_time" : 222.88999999999999,
			"tardiness_weight" : 3.0
		},
		{
			"due_date" : 22.609999999999999,
			"id" : 51,
			"is_internal" : false,
			"processing_time" : 2.0,
			"release_time" : 20.609999999999999,
			"tardiness_weight" : 1.0
		},
		{
			"due_date" : 50.18,
			"id" : 52,
			"is_internal" : false,
			"processing_time" : 2.0,
			"release_time" : 48.18,
			"tardiness_weight" : 1.0
		},
		{
			"due_date" : 62.700000000000003,
			"id" : 53,
			"is_internal" : false,
			"processing_time" : 2.0,
			"release_time" : 60.700000000000003,
			"tardiness_weight" : 1.0
		},
		{
			"due_date" : 85.150000000000006,
			"id" : 54,
			"is_internal" : false,
			"processing_time" : 2.0,
			"release_time" : 83.150000000000006,
			"tardiness_weight" : 1.0
		},
		{
			"due_date" : 95.579999999999998,
			"id" : 55,
			"is_internal" : false,
			"processing_time" : 2.0,
			"release_time" : 93.579999999999998,
			"tardiness_weight" : 1.0
		},
		{
			"due_date" : 116.33,
			"id" : 56,
			"is_internal" : false,
			"processing_time" : 2.0,
			"release_time" : 114.33,
			"tardiness_weight" : 1.0
		},
		{
			"due_date" : 123.95999999999999,
			"id" : 57,
			"is_internal" : false,
			"processing_time" : 2.0,
			"release_time" : 121.95999999999999,
			"tardiness_weight" : 1.0
		},
		{
			"due_date" : 130.5,
			"id" : 58,
			"is_internal" : false,
			"processing_time" : 2.0,
			"release_time" : 128.5,
			"tardiness_weight" : 1.0
		},
		{
			"due_date" : 130.71000000000001,
			"id" : 59,
			"is_internal" : false,
			"processing_time" : 2.0,
			"release_time" : 128.71000000000001,
			"tardiness_weight" : 1.0
		},
		{
			"due_date" : 132.21000000000001,
			"id" : 60,
			"is_internal" : false,
			"processing_time" : 2.0,
			"release_time" : 130.21000000000001,
			"tardiness_weight" : 1.0
		},
		{
			"due_date" : 132.33000000000001,
			"id" : 61,
			"is_internal" : false,
			"processing_time" : 2.0,
			"release_time" : 130.33000000000001,
			"tardiness_weight" : 1.0
		},
		{
			"due_date" : 136.12,
			"id" : 62,
			"is_internal" : false,
			"processing_time" : 2.0,
			"release_time" : 134.12,
			"tardiness_weight" : 1.0
		},
		{
			"due_date" : 136.62,
			"id" : 63,
			"is_internal" : false,
			"processing_time" : 2.0,
			"release_time" : 134.62,
			"tardiness_weight" : 1.0
		},
		{
			"due_date" : 147.72,
			"id" : 64,
			"is_internal" : false,
			"processing_time" : 2.0,
			"release_time" : 145.72,
			"tardiness_weight" : 1.0
		},
		{
			"due_date" : 150.69999999999999,
			"id" : 65,
			"is_internal" : false,
			"processing_time" : 2.0,
			"release_time" : 148.69999999999999,
			"tardiness_weight" : 1.0
		},
		{
			"due_date" : 157.94,
			"id" : 66,
			"is_internal" : false,
			"processing_time" : 2.0,
			"release_time" : 155.94,
			"tardiness_weight" : 1.0
		},
		{
			"due_date" : 158.63,
			"id" : 67,
			"is_internal" : false,
			"processing_time" : 2.0,
			"release_time" : 156.63,
			"tardiness_weight" : 1.0
		},
		{
			"due_date" : 183.78,
			"id" : 68,
			"is_internal" : false,
			"processing_time" : 2.0,
			"release_time" : 181.78,
			"tardiness_weight" : 1.0
		},
		{
			"due_date" : 208.53,
			"id" : 69,
			"is_internal" : false,
			"processing_time" : 2.0,
			"release_time" : 206.53,
			"tardiness_weight" : 1.0
		},
		{
			"due_date" : 212.24000000000001,
			"id" : 70,
			"is_internal" : false,
			"processing_time" : 2.0,
			"release_time" : 210.24000000000001,
			"tardiness_weight" : 1.0
		},
		{
			"due_date" : 228.18000000000001,
			"id" : 71,
			"is_internal" : false,
			"processing_time" : 2.0,
			"release_time" : 226.18000000000001,
			"tardiness_weight" : 1.0
		},
		{
			"due_date" : 232.47999999999999,
			"id" : 72,
			"is_internal" : false,
			"processing_time" : 2.0,
			"release_time" : 230.47999999999999,
			"tardiness_weight" : 1.0
		}
	],
	"time_adjacency_matrix" : 
	[
		[
			0.0,
			2.3099999999999996,
			0.98999999999999988,
			0.74999999999999989,
			1.8300000000000001,
			2.3699999999999997,
			1.8300000000000001,
			2.0699999999999998,
			1.71,
			1.5900000000000001,
			1.1100000000000001,
			1.1100000000000001,
			1.05,
			1.05,
			0.68999999999999995,
			1.6500000000000001,
			0.80999999999999994,
			0.98999999999999988,
			0.39000000000000001,
			0.63,
			0.63,
			1.3500000000000001,
			1.05,
			0.0,
			1.47,
			1.4099999999999999,
			2.1299999999999999,
			1.47,
			0.14999999999999999,
			2.1899999999999999,
			2.25,
			1.23,
			0.80999999999999994,
			2.3699999999999997,
			0.63,
			2.25,
			2.25,
			0.0,
			0.27000000000000002,
			0.87,
			2.1299999999999999,
			1.3500000000000001,
			1.4099999999999999,
			2.25,
			1.95,
			0.27000000000000002,
			2.3699999999999997,
			1.8300000000000001,
			2.3099999999999996,
			1.47,
			0.20999999999999999,
			0.68999999999999995,
			1.29,
			1.71,
			0.27000000000000002,
			2.1899999999999999,
			1.4099999999999999,
			1.95,
			1.23,
			0.32999999999999996,
			1.47,
			1.47,
			1.23,
			0.32999999999999996,
			2.3699999999999997,
			1.77,
			0.80999999999999994,
			0.51000000000000001,
			2.0099999999999998,
			2.1299999999999999,
			0.68999999999999995,
			0.27000000000000002,
			0.87
		],
		[
			2.3099999999999996,
			0.0,
			1.4099999999999999,
			1.6500000000000001,
			0.56999999999999995,
			0.14999999999999999,
			0.56999999999999995,
			0.32999999999999996,
			0.68999999999999995,
			0.80999999999999994,
			1.29,
			1.29,
			1.3500000000000001,
			1.3500000000000001,
			1.71,
			0.74999999999999989,
			1.5900000000000001,
			1.4099999999999999,
			2.0099999999999998,
			1.77,
			1.77,
			1.05,
			1.3500000000000001,
			2.3099999999999996,
			0.92999999999999994,
			0.98999999999999988,
			0.27000000000000002,
			0.92999999999999994,
			2.25,
			0.20999999999999999,
			0.14999999999999999,
			1.1700000000000002,
			1.5900000000000001,
			0.14999999999999999,
			1.77,
			0.14999999999999999,
			0.14999999999999999,
			2.3099999999999996,
			2.1299999999999999,
			1.53,
			0.27000000000000002,
			1.05,
			0.98999999999999988,
			0.14999999999999999,
			0.44999999999999996,
			2.1299999999999999,
			0.14999999999999999,
			0.56999999999999995,
			0.0,
			0.92999999999999994,
			2.1899999999999999,
			1.71,
			1.1100000000000001,
			0.68999999999999995,
			2.1299999999999999,
			0.20999999999999999,
			0.98999999999999988,
			0.44999999999999996,
			1.1700000000000002,
			2.0699999999999998,
			0.92999999999999994,
			0.92999999999999994,
			1.1700000000000002,
			2.0699999999999998,
			0.14999999999999999,
			0.63,
			1.5900000000000001,
			1.8899999999999999,
			0.39000000000000001,
			0.27000000000000002,
			1.71,
			2.1299999999999999,
			1.53
		],
		[
			0.98999999999999988,
			1.4099999999999999,
			0.0,
			0.32999999999999996,
			0.92999999999999994,
			1.47,
			0.92999999999999994,
			1.1700000000000002,
			0.80999999999999994,
			0.68999999999999995,
			0.20999999999999999,
			0.20999999999999999,
			0.14999999999999999,
			0.14999999999999999,
			0.39000000000000001,
			0.74999999999999989,
			0.27000000000000002,
			0.0,
			0.68999999999999995,
			0.44999999999999996,
			0.44999999999999996,
			0.44999999999999996,
			0.14999999999999999,
			0.98999999999999988,
			0.56999999999999995,
			0.51000000000000001,
			1.23,
			0.56999999999999995,
			0.92999999999999994,
			1.29,
			1.3500000000000001,
			0.32999999999999996,
			0.27000000000000002,
			1.47,
			0.44999999999999996,
			1.3500000000000001,
			1.3500000000000001,
			0.98999999999999988,
			0.80999999999999994,
			0.20999999999999999,
			1.23,
			0.44999999999999996,
			0.51000000000000001,
			1.3500000000000001,
			1.05,
			0.80999999999999994,
			1.47,
			0.92999999999999994,
			1.4099999999999999,
			0.56999999999999995,
			0.87,
			0.39000000000000001,
			0.39000000000000001,
			0.80999999999999994,
			0.80999999999999994,
			1.29,
			0.51000000000000001,
			1.05,
			0.32999999999999996,
			0.74999999999999989,
			0.56999999999999995,
			0.56999999999999995,
			0.32999999999999996,
			0.74999999999999989,
			1.47,
			0.87,
			0.27000000000000002,
			0.56999999999999995,
			1.1100000000000001,
			1.23,
			0.39000000000000001,
			0.80999999999999994,
			0.20999999999999999
		],
		[
			0.74999999999999989,
			1.6500000000000001,
			0.32999999999999996,
			0.0,
			1.1700000000000002,
			1.71,
			1.1700000000000002,
			1.4099999999999999,
			1.05,
			0.92999999999999994,
			0.44999999999999996,
			0.44999999999999996,
			0.39000000000000001,
			0.39000000000000001,
			0.14999999999999999,
			0.98999999999999988,
			0.14999999999999999,
			0.32999999999999996,
			0.44999999999999996,
			0.20999999999999999,
			0.20999999999999999,
			0.68999999999999995,
			0.39000000000000001,
			0.74999999999999989,
			0.80999999999999994,
			0.74999999999999989,
			1.47,
			0.80999999999999994,
			0.68999999999999995,
			1.53,
			1.5900000000000001,
			0.56999999999999995,
			0.14999999999999999,
			1.71,
			0.20999999999999999,
			1.5900000000000001,
			1.5900000000000001,
			0.74999999999999989,
			0.56999999999999995,
			0.20999999999999999,
			1.47,
			0.68999999999999995,
			0.74999999999999989,
			1.5900000000000001,
			1.29,
			0.56999999999999995,
			1.71,
			1.1700000000000002,
			1.6500000000000001,
			0.80999999999999994,
			0.63,
			0.14999999999999999,
			0.63,
			1.05,
			0.56999999999999995,
			1.53,
			0.74999999999999989,
			1.29,
			0.56999999999999995,
			0.51000000000000001,
			0.80999999999999994,
			0.80999999999999994,
			0.56999999999999995,
			0.51000000000000001,
			1.71,
			1.1100000000000001,
			0.14999999999999999,
			0.32999999999999996,
			1.3500000000000001,
			1.47,
			0.14999999999999999,
			0.56999999999999995,
			0.20999999999999999
		],
		[
			1.8300000000000001,
			0.56999999999999995,
			0.92999999999999994,
			1.1700000000000002,
			0.0,
			0.63,
			0.0,
			0.32999999999999996,
			0.20999999999999999,
			0.32999999999999996,
			0.80999999999999994,
			0.80999999999999994,
			0.87,
			0.87,
			1.23,
			0.27000000000000002,
			1.1100000000000001,
			0.92999999999999994,
			1.53,
			1.29,
			1.29,
			0.56999999999999995,
			0.87,
			1.8300000000000001,
			0.44999999999999996,
			0.51000000000000001,
			0.39000000000000001,
			0.44999999999999996,
			1.77,
			0.44999999999999996,
			0.51000000000000001,
			0.68999999999999995,
			1.1100000000000001,
			0.63,
			1.29,
			0.51000000000000001,
			0.51000000000000001,
			1.8300000000000001,
			1.6500000000000001,
			1.05,
			0.39000000000000001,
			0.56999999999999995,
			0.51000000000000001,
			0.51000000000000001,
			0.20999999999999999,
			1.6500000000000001,
			0.63,
			0.0,
			0.56999999999999995,
			0.44999999999999996,
			1.71,
			1.23,
			0.63,
			0.20999999999999999,
			1.6500000000000001,
			0.44999999999999996,
			0.51000000000000001,
			0.20999999999999999,
			0.68999999999999995,
			1.5900000000000001,
			0.44999999999999996,
			0.44999999999999996,
			0.68999999999999995,
			1.5900000000000001,
			0.63,
			0.14999999999999999,
			1.1100000000000001,
			1.4099999999999999,
			0.27000000000000002,
			0.39000000000000001,
			1.23,
			1.6500000000000001,
			1.05
		],
		[
			2.3699999999999997,
			0.14999999999999999,
			1.47,
			1.71,
			0.63,
			0.0,
			0.63,
			0.39000000000000001,
			0.74999999999999989,
			0.87,
			1.3500000000000001,
			1.3500000000000001,
			1.4099999999999999,
			1.4099999999999999,
			1.77,
			0.80999999999999994,
			1.6500000000000001,
			1.47,
			2.0699999999999998,
			1.8300000000000001,
			1.8300000000000001,
			1.1100000000000001,
			1.4099999999999999,
			2.3699999999999997,
			0.98999999999999988,
			1.05,
			0.32999999999999996,
			0.98999999999999988,
			2.3099999999999996,
			0.27000000000000002,
			0.20999999999999999,
			1.23,
			1.6500000000000001,
			0.0,
			1.8300000000000001,
			0.20999999999999999,
			0.20999999999999999,
			2.3699999999999997,
			2.1899999999999999,
			1.5900000000000001,
			0.32999999999999996,
			1.1100000000000001,
			1.05,
			0.20999999999999999,
			0.51000000000000001,
			2.1899999999999999,
			0.0,
			0.63,
			0.14999999999999999,
			0.98999999999999988,
			2.25,
			1.77,
			1.1700000000000002,
			0.74999999999999989,
			2.1899999999999999,
			0.27000000000000002,
			1.05,
			0.51000000000000001,
			1.23,
			2.1299999999999999,
			0.98999999999999988,
			0.98999999999999988,
			1.23,
			2.1299999999999999,
			0.0,
			0.68999999999999995,
			1.6500000000000001,
			1.95,
			0.44999999999999996,
			0.32999999999999996,
			1.77,
			2.1899999999999999,
			1.5900000000000001
		],
		[
			1.8300000000000001,
			0.56999999999999995,
			0.92999999999999994,
			1.1700000000000002,
			0.0,
			0.63,
			0.0,
			0.32999999999999996,
			0.20999999999999999,
			0.32999999999999996,
			0.80999999999999994,
			0.80999999999999994,
			0.87,
			0.87,
			1.23,
			0.27000000000000002,
			1.1100000000000001,
			0.92999999999999994,
			1.53,
			1.29,
			1.29,
			0.56999999999999995,
			0.87,
			1.8300000000000001,
			0.44999999999999996,
			0.51000000000000001,
			0.39000000000000001,
			0.44999999999999996,
			1.77,
			0.44999999999999996,
			0.51000000000000001,
			0.68999999999999995,
			1.1100000000000001,
			0.63,
			1.29,
			0.51000000000000001,
			0.51000000000000001,
			1.8300000000000001,
			1.6500000000000001,
			1.05,
			0.39000000000000001,
			0.56999999999999995,
			0.51000000000000001,
			0.51000000000000001,
			0.20999999999999999,
			1.6500000000000001,
			0.63,
			0.0,
			0.56999999999999995,
			0.44999999999999996,
			1.71,
			1.23,
			0.63,
			0.20999999999999999,
			1.6500000000000001,
			0.44999999999999996,
			0.51000000000000001,
			0.20999999999999999,
			0.68999999999999995,
			1.5900000000000001,
			0.44999999999999996,
			0.44999999999999996,
			0.68999999999999995,
			1.5900000000000001,
			0.63,
			0.14999999999999999,
			1.1100000000000001,
			1.4099999999999999,
			0.27000000000000002,
			0.39000000000000001,
			1.23,
			1.6500000000000001,
			1.05
		],
		[
			2.0699999999999998,
			0.32999999999999996,
			1.1700000000000002,
			1.4099999999999999,
			0.32999999999999996,
			0.39000000000000001,
			0.32999999999999996,
			0.0,
			0.44999999999999996,
			0.56999999999999995,
			1.05,
			1.05,
			1.1100000000000001,
			1.1100000000000001,
			1.47,
			0.51000000000000001,
			1.3500000000000001,
			1.1700000000000002,
			1.77,
			1.53,
			1.53,
			0.80999999999999994,
			1.1100000000000001,
			2.0699999999999998,
			0.68999999999999995,
			0.74999999999999989,
			0.14999999999999999,
			0.68999999999999995,
			2.0099999999999998,
			0.20999999999999999,
			0.27000000000000002,
			0.92999999999999994,
			1.3500000000000001,
			0.39000000000000001,
			1.53,
			0.27000000000000002,
			0.27000000000000002,
			2.0699999999999998,
			1.8899999999999999,
			1.29,
			0.14999999999999999,
			0.80999999999999994,
			0.74999999999999989,
			0.27000000000000002,
			0.20999999999999999,
			1.8899999999999999,
			0.39000000000000001,
			0.32999999999999996,
			0.32999999999999996,
			0.68999999999999995,
			1.95,
			1.47,
			0.87,
			0.44999999999999996,
			1.8899999999999999,
			0.20999999999999999,
			0.74999999999999989,
			0.20999999999999999,
			0.92999999999999994,
			1.8300000000000001,
			0.68999999999999995,
			0.68999999999999995,
			0.92999999999999994,
			1.8300000000000001,
			0.39000000000000001,
			0.39000000000000001,
			1.3500000000000001,
			1.6500000000000001,
			0.14999999999999999,
			0.14999999999999999,
			1.47,
			1.8899999999999999,
			1.29
		],
		[
			1.71,
			0.68999999999999995,
			0.80999999999999994,
			1.05,
			0.20999999999999999,
			0.74999999999999989,
			0.20999999999999999,
			0.44999999999999996,
			0.0,
			0.20999999999999999,
			0.68999999999999995,
			0.68999999999999995,
			0.74999999999999989,
			0.74999999999999989,
			1.1100000000000001,
			0.14999999999999999,
			0.98999999999999988,
			0.80999999999999994,
			1.4099999999999999,
			1.1700000000000002,
			1.1700000000000002,
			0.44999999999999996,
			0.74999999999999989,
			1.71,
			0.32999999999999996,
			0.39000000000000001,
			0.51000000000000001,
			0.32999999999999996,
			1.6500000000000001,
			0.56999999999999995,
			0.63,
			0.56999999999999995,
			0.98999999999999988,
			0.74999999999999989,
			1.1700000000000002,
			0.63,
			0.63,
			1.71,
			1.53,
			0.92999999999999994,
			0.51000000000000001,
			0.44999999999999996,
			0.39000000000000001,
			0.63,
			0.32999999999999996,
			1.53,
			0.74999999999999989,
			0.20999999999999999,
			0.68999999999999995,
			0.32999999999999996,
			1.5900000000000001,
			1.1100000000000001,
			0.51000000000000001,
			0.0,
			1.53,
			0.56999999999999995,
			0.39000000000000001,
			0.32999999999999996,
			0.56999999999999995,
			1.47,
			0.32999999999999996,
			0.32999999999999996,
			0.56999999999999995,
			1.47,
			0.74999999999999989,
			0.14999999999999999,
			0.98999999999999988,
			1.29,
			0.39000000000000001,
			0.51000000000000001,
			1.1100000000000001,
			1.53,
			0.92999999999999994
		],
		[
			1.5900000000000001,
			0.80999999999999994,
			0.68999999999999995,
			0.92999999999999994,
			0.32999999999999996,
			0.87,
			0.32999999999999996,
			0.56999999999999995,
			0.20999999999999999,
			0.0,
			0.56999999999999995,
			0.56999999999999995,
			0.63,
			0.63,
			0.98999999999999988,
			0.14999999999999999,
			0.87,
			0.68999999999999995,
			1.29,
			1.05,
			1.05,
			0.32999999999999996,
			0.63,
			1.5900000000000001,
			0.20999999999999999,
			0.27000000000000002,
			0.63,
			0.20999999999999999,
			1.53,
			0.68999999999999995,
			0.74999999999999989,
			0.44999999999999996,
			0.87,
			0.87,
			1.05,
			0.74999999999999989,
			0.74999999999999989,
			1.5900000000000001,
			1.4099999999999999,
			0.80999999999999994,
			0.63,
			0.32999999999999996,
			0.27000000000000002,
			0.74999999999999989,
			0.44999999999999996,
			1.4099999999999999,
			0.87,
			0.32999999999999996,
			0.80999999999999994,
			0.20999999999999999,
			1.47,
			0.98999999999999988,
			0.39000000000000001,
			0.20999999999999999,
			1.4099999999999999,
			0.68999999999999995,
			0.27000000000000002,
			0.44999999999999996,
			0.44999999999999996,
			1.3500000000000001,
			0.20999999999999999,
			0.20999999999999999,
			0.44999999999999996,
			1.3500000000000001,
			0.87,
			0.27000000000000002,
			0.87,
			1.1700000000000002,
			0.51000000000000001,
			0.63,
			0.98999999999999988,
			1.4099999999999999,
			0.80999999999999994
		],
		[
			1.1100000000000001,
			1.29,
			0.20999999999999999,
			0.44999999999999996,
			0.80999999999999994,
			1.3500000000000001,
			0.80999999999999994,
			1.05,
			0.68999999999999995,
			0.56999999999999995,
			0.0,
			0.0,
			0.14999999999999999,
			0.14999999999999999,
			0.51000000000000001,
			0.63,
			0.39000000000000001,
			0.20999999999999999,
			0.80999999999999994,
			0.56999999999999995,
			0.56999999999999995,
			0.32999999999999996,
			0.14999999999999999,
			1.1100000000000001,
			0.44999999999999996,
			0.39000000000000001,
			1.1100000000000001,
			0.44999999999999996,
			1.05,
			1.1700000000000002,
			1.23,
			0.20999999999999999,
			0.39000000000000001,
			1.3500000000000001,
			0.56999999999999995,
			1.23,
			1.23,
			1.1100000000000001,
			0.92999999999999994,
			0.32999999999999996,
			1.1100000000000001,
			0.32999999999999996,
			0.39000000000000001,
			1.23,
			0.92999999999999994,
			0.92999999999999994,
			1.3500000000000001,
			0.80999999999999994,
			1.29,
			0.44999999999999996,
			0.98999999999999988,
			0.51000000000000001,
			0.27000000000000002,
			0.68999999999999995,
			0.92999999999999994,
			1.1700000000000002,
			0.39000000000000001,
			0.92999999999999994,
			0.20999999999999999,
			0.87,
			0.44999999999999996,
			0.44999999999999996,
			0.20999999999999999,
			0.87,
			1.3500000000000001,
			0.74999999999999989,
			0.39000000000000001,
			0.68999999999999995,
			0.98999999999999988,
			1.1100000000000001,
			0.51000000000000001,
			0.92999999999999994,
			0.32999999999999996
		],
		[
			1.1100000000000001,
			1.29,
			0.20999999999999999,
			0.44999999999999996,
			0.80999999999999994,
			1.3500000000000001,
			0.80999999999999994,
			1.05,
			0.68999999999999995,
			0.56999999999999995,
			0.0,
			0.0,
			0.14999999999999999,
			0.14999999999999999,
			0.51000000000000001,
			0.63,
			0.39000000000000001,
			0.20999999999999999,
			0.80999999999999994,
			0.56999999999999995,
			0.56999999999999995,
			0.32999999999999996,
			0.14999999999999999,
			1.1100000000000001,
			0.44999999999999996,
			0.39000000000000001,
			1.1100000000000001,
			0.44999999999999996,
			1.05,
			1.1700000000000002,
			1.23,
			0.20999999999999999,
			0.39000000000000001,
			1.3500000000000001,
			0.56999999999999995,
			1.23,
			1.23,
			1.1100000000000001,
			0.92999999999999994,
			0.32999999999999996,
			1.1100000000000001,
			0.32999999999999996,
			0.39000000000000001,
			1.23,
			0.92999999999999994,
			0.92999999999999994,
			1.3500000000000001,
			0.80999999999999994,
			1.29,
			0.44999999999999996,
			0.98999999999999988,
			0.51000000000000001,
			0.27000000000000002,
			0.68999999999999995,
			0.92999999999999994,
			1.1700000000000002,
			0.39000000000000001,
			0.92999999999999994,
			0.20999999999999999,
			0.87,
			0.44999999999999996,
			0.44999999999999996,
			0.20999999999999999,
			0.87,
			1.3500000000000001,
			0.74999999999999989,
			0.39000000000000001,
			0.68999999999999995,
			0.98999999999999988,
			1.1100000000000001,
			0.51000000000000001,
			0.92999999999999994,
			0.32999999999999996
		],
		[
			1.05,
			1.3500000000000001,
			0.14999999999999999,
			0.39000000000000001,
			0.87,
			1.4099999999999999,
			0.87,
			1.1100000000000001,
			0.74999999999999989,
			0.63,
			0.14999999999999999,
			0.14999999999999999,
			0.0,
			0.0,
			0.44999999999999996,
			0.68999999999999995,
			0.32999999999999996,
			0.14999999999999999,
			0.74999999999999989,
			0.51000000000000001,
			0.51000000000000001,
			0.39000000000000001,
			0.0,
			1.05,
			0.51000000000000001,
			0.44999999999999996,
			1.1700000000000002,
			0.51000000000000001,
			0.98999999999999988,
			1.23,
			1.29,
			0.27000000000000002,
			0.32999999999999996,
			1.4099999999999999,
			0.51000000000000001,
			1.29,
			1.29,
			1.05,
			0.87,
			0.27000000000000002,
			1.1700000000000002,
			0.39000000000000001,
			0.44999999999999996,
			1.29,
			0.98999999999999988,
			0.87,
			1.4099999999999999,
			0.87,
			1.3500000000000001,
			0.51000000000000001,
			0.92999999999999994,
			0.44999999999999996,
			0.32999999999999996,
			0.74999999999999989,
			0.87,
			1.23,
			0.44999999999999996,
			0.98999999999999988,
			0.27000000000000002,
			0.80999999999999994,
			0.51000000000000001,
			0.51000000000000001,
			0.27000000000000002,
			0.80999999999999994,
			1.4099999999999999,
			0.80999999999999994,
			0.32999999999999996,
			0.63,
			1.05,
			1.1700000000000002,
			0.44999999999999996,
			0.87,
			0.27000000000000002
		],
		[
			1.05,
			1.3500000000000001,
			0.14999999999999999,
			0.39000000000000001,
			0.87,
			1.4099999999999999,
			0.87,
			1.1100000000000001,
			0.74999999999999989,
			0.63,
			0.14999999999999999,
			0.14999999999999999,
			0.0,
			0.0,
			0.44999999999999996,
			0.68999999999999995,
			0.32999999999999996,
			0.14999999999999999,
			0.74999999999999989,
			0.51000000000000001,
			0.51000000000000001,
			0.39000000000000001,
			0.0,
			1.05,
			0.51000000000000001,
			0.44999999999999996,
			1.1700000000000002,
			0.51000000000000001,
			0.98999999999999988,
			1.23,
			1.29,
			0.27000000000000002,
			0.32999999999999996,
			1.4099999999999999,
			0.51000000000000001,
			1.29,
			1.29,
			1.05,
			0.87,
			0.27000000000000002,
			1.1700000000000002,
			0.39000000000000001,
			0.44999999999999996,
			1.29,
			0.98999999999999988,
			0.87,
			1.4099999999999999,
			0.87,
			1.3500000000000001,
			0.51000000000000001,
			0.92999999999999994,
			0.44999999999999996,
			0.32999999999999996,
			0.74999999999999989,
			0.87,
			1.23,
			0.44999999999999996,
			0.98999999999999988,
			0.27000000000000002,
			0.80999999999999994,
			0.51000000000000001,
			0.51000000000000001,
			0.27000000000000002,
			0.80999999999999994,
			1.4099999999999999,
			0.80999999999999994,
			0.32999999999999996,
			0.63,
			1.05,
			1.1700000000000002,
			0.44999999999999996,
			0.87,
			0.27000000000000002
		],
		[
			0.68999999999999995,
			1.71,
			0.39000000000000001,
			0.14999999999999999,
			1.23,
			1.77,
			1.23,
			1.47,
			1.1100000000000001,
			0.98999999999999988,
			0.51000000000000001,
			0.51000000000000001,
			0.44999999999999996,
			0.44999999999999996,
			0.0,
			1.05,
			0.20999999999999999,
			0.39000000000000001,
			0.39000000000000001,
			0.14999999999999999,
			0.14999999999999999,
			0.74999999999999989,
			0.44999999999999996,
			0.68999999999999995,
			0.87,
			0.80999999999999994,
			1.53,
			0.87,
			0.63,
			1.5900000000000001,
			1.6500000000000001,
			0.63,
			0.20999999999999999,
			1.77,
			0.14999999999999999,
			1.6500000000000001,
			1.6500000000000001,
			0.68999999999999995,
			0.51000000000000001,
			0.27000000000000002,
			1.53,
			0.74999999999999989,
			0.80999999999999994,
			1.6500000000000001,
			1.3500000000000001,
			0.51000000000000001,
			1.77,
			1.23,
			1.71,
			0.87,
			0.56999999999999995,
			0.0,
			0.68999999999999995,
			1.1100000000000001,
			0.51000000000000001,
			1.5900000000000001,
			0.80999999999999994,
			1.3500000000000001,
			0.63,
			0.44999999999999996,
			0.87,
			0.87,
			0.63,
			0.44999999999999996,
			1.77,
			1.1700000000000002,
			0.20999999999999999,
			0.27000000000000002,
			1.4099999999999999,
			1.53,
			0.0,
			0.51000000000000001,
			0.27000000000000002
		],
		[
			1.6500000000000001,
			0.74999999999999989,
			0.74999999999999989,
			0.98999999999999988,
			0.27000000000000002,
			0.80999999999999994,
			0.27000000000000002,
			0.51000000000000001,
			0.14999999999999999,
			0.14999999999999999,
			0.63,
			0.63,
			0.68999999999999995,
			0.68999999999999995,
			1.05,
			0.0,
			0.92999999999999994,
			0.74999999999999989,
			1.3500000000000001,
			1.1100000000000001,
			1.1100000000000001,
			0.39000000000000001,
			0.68999999999999995,
			1.6500000000000001,
			0.27000000000000002,
			0.32999999999999996,
			0.56999999999999995,
			0.27000000000000002,
			1.5900000000000001,
			0.63,
			0.68999999999999995,
			0.51000000000000001,
			0.92999999999999994,
			0.80999999999999994,
			1.1100000000000001,
			0.68999999999999995,
			0.68999999999999995,
			1.6500000000000001,
			1.47,
			0.87,
			0.56999999999999995,
			0.39000000000000001,
			0.32999999999999996,
			0.68999999999999995,
			0.39000000000000001,
			1.47,
			0.80999999999999994,
			0.27000000000000002,
			0.74999999999999989,
			0.27000000000000002,
			1.53,
			1.05,
			0.44999999999999996,
			0.14999999999999999,
			1.47,
			0.63,
			0.32999999999999996,
			0.39000000000000001,
			0.51000000000000001,
			1.4099999999999999,
			0.27000000000000002,
			0.27000000000000002,
			0.51000000000000001,
			1.4099999999999999,
			0.80999999999999994,
			0.20999999999999999,
			0.92999999999999994,
			1.23,
			0.44999999999999996,
			0.56999999999999995,
			1.05,
			1.47,
			0.87
		],
		[
			0.80999999999999994,
			1.5900000000000001,
			0.27000000000000002,
			0.14999999999999999,
			1.1100000000000001,
			1.6500000000000001,
			1.1100000000000001,
			1.3500000000000001,
			0.98999999999999988,
			0.87,
			0.39000000000000001,
			0.39000000000000001,
			0.32999999999999996,
			0.32999999999999996,
			0.20999999999999999,
			0.92999999999999994,
			0.0,
			0.27000000000000002,
			0.51000000000000001,
			0.27000000000000002,
			0.27000000000000002,
			0.63,
			0.32999999999999996,
			0.80999999999999994,
			0.74999999999999989,
			0.68999999999999995,
			1.4099999999999999,
			0.74999999999999989,
			0.74999999999999989,
			1.47,
			1.53,
			0.51000000000000001,
			0.0,
			1.6500000000000001,
			0.27000000000000002,
			1.53,
			1.53,
			0.80999999999999994,
			0.63,
			0.14999999999999999,
			1.4099999999999999,
			0.63,
			0.68999999999999995,
			1.53,
			1.23,
			0.63,
			1.6500000000000001,
			1.1100000000000001,
			1.5900000000000001,
			0.74999999999999989,
			0.68999999999999995,
			0.20999999999999999,
			0.56999999999999995,
			0.98999999999999988,
			0.63,
			1.47,
			0.68999999999999995,
			1.23,
			0.51000000000000001,
			0.56999999999999995,
			0.74999999999999989,
			0.74999999999999989,
			0.51000000000000001,
			0.56999999999999995,
			1.6500000000000001,
			1.05,
			0.0,
			0.39000000000000001,
			1.29,
			1.4099999999999999,
			0.20999999999999999,
			0.63,
			0.14999999999999999
		],
		[
			0.98999999999999988,
			1.4099999999999999,
			0.0,
			0.32999999999999996,
			0.92999999999999994,
			1.47,
			0.92999999999999994,
			1.1700000000000002,
			0.80999999999999994,
			0.68999999999999995,
			0.20999999999999999,
			0.20999999999999999,
			0.14999999999999999,
			0.14999999999999999,
			0.39000000000000001,
			0.74999999999999989,
			0.27000000000000002,
			0.0,
			0.68999999999999995,
			0.44999999999999996,
			0.44999999999999996,
			0.44999999999999996,
			0.14999999999999999,
			0.98999999999999988,
			0.56999999999999995,
			0.51000000000000001,
			1.23,
			0.56999999999999995,
			0.92999999999999994,
			1.29,
			1.3500000000000001,
			0.32999999999999996,
			0.27000000000000002,
			1.47,
			0.44999999999999996,
			1.3500000000000001,
			1.3500000000000001,
			0.98999999999999988,
			0.80999999999999994,
			0.20999999999999999,
			1.23,
			0.44999999999999996,
			0.51000000000000001,
			1.3500000000000001,
			1.05,
			0.80999999999999994,
			1.47,
			0.92999999999999994,
			1.4099999999999999,
			0.56999999999999995,
			0.87,
			0.39000000000000001,
			0.39000000000000001,
			0.80999999999999994,
			0.80999999999999994,
			1.29,
			0.51000000000000001,
			1.05,
			0.32999999999999996,
			0.74999999999999989,
			0.56999999999999995,
			0.56999999999999995,
