{
	"instance_setting" : 
	{
		"average_number_of_tasks_executed_by_yc_per_hour" : 18,
		"external_task_ratio" : 0.10000000000000001,
		"instance_id" : 12,
		"number_of_external_tasks" : 8,
		"number_of_internal_tasks" : 64,
		"number_of_tasks" : 72,
		"planning_window_length_in_hours" : 4.0
	},
	"offline_optimal" : 2356.8900000000008,
	"offline_solution_computation_time_in_seconds" : 1.9438244,
	"offline_solution_task_sequence" : 
	[
		0,
		1,
		2,
		3,
		66,
		4,
		5,
		65,
		68,
		6,
		67,
		9,
		8,
		12,
		16,
		10,
		19,
		15,
		11,
		13,
		24,
		23,
		21,
		18,
		25,
		27,
		22,
		14,
		29,
		17,
		28,
		26,
		31,
		7,
		20,
		34,
		69,
		30,
		32,
		35,
		36,
		37,
		33,
		38,
		40,
		39,
		41,
		43,
		44,
		42,
		45,
		47,
		46,
		49,
		48,
		50,
		52,
		51,
		53,
		56,
		55,
		54,
		57,
		59,
		60,
		61,
		58,
		71,
		62,
		64,
		63,
		72,
		70
	],
	"tasks" : 
	[
		{
			"due_date" : 0.0,
			"id" : 0,
			"is_internal" : true,
			"processing_time" : 0.0,
			"release_time" : 0.0,
			"tardiness_weight" : 0.0
		},
		{
			"due_date" : 4.3099999999999996,
			"id" : 1,
			"is_internal" : true,
			"processing_time" : 2.3399999999999999,
			"release_time" : 0.0,
			"tardiness_weight" : 3.0
		},
		{
			"due_date" : 8.3900000000000006,
			"id" : 2,
			"is_internal" : true,
			"processing_time" : 2.9900000000000002,
			"release_time" : 2.5600000000000001,
			"tardiness_weight" : 4.0
		},
		{
			"due_date" : 15.18,
			"id" : 3,
			"is_internal" : true,
			"processing_time" : 2.8599999999999999,
			"release_time" : 9.3100000000000005,
			"tardiness_weight" : 3.0
		},
		{
			"due_date" : 19.100000000000001,
			"id" : 4,
			"is_internal" : true,
			"processing_time" : 2.8599999999999999,
			"release_time" : 15.67,
			"tardiness_weight" : 3.0
		},
		{
			"due_date" : 20.359999999999999,
			"id" : 5,
			"is_internal" : true,
			"processing_time" : 2.5499999999999998,
			"release_time" : 17.260000000000002,
			"tardiness_weight" : 4.0
		},
		{
			"due_date" : 29.809999999999999,
			"id" : 6,
			"is_internal" : true,
			"processing_time" : 2.3900000000000001,
			"release_time" : 26.82,
			"tardiness_weight" : 4.0
		},
		{
			"due_date" : 33.810000000000002,
			"id" : 7,
			"is_internal" : true,
			"processing_time" : 3.5099999999999998,
			"release_time" : 27.890000000000001,
			"tardiness_weight" : 3.0
		},
		{
			"due_date" : 38.880000000000003,
			"id" : 8,
			"is_internal" : true,
			"processing_time" : 2.6400000000000001,
			"release_time" : 34.869999999999997,
			"tardiness_weight" : 3.0
		},
		{
			"due_date" : 39.130000000000003,
			"id" : 9,
			"is_internal" : true,
			"processing_time" : 3.4100000000000001,
			"release_time" : 33.939999999999998,
			"tardiness_weight" : 3.0
		},
		{
			"due_date" : 40.549999999999997,
			"id" : 10,
			"is_internal" : true,
			"processing_time" : 3.02,
			"release_time" : 34.969999999999999,
			"tardiness_weight" : 4.0
		},
		{
			"due_date" : 41.380000000000003,
			"id" : 11,
			"is_internal" : true,
			"processing_time" : 3.1699999999999999,
			"release_time" : 35.649999999999999,
			"tardiness_weight" : 4.0
		},
		{
			"due_date" : 42.369999999999997,
			"id" : 12,
			"is_internal" : true,
			"processing_time" : 2.4500000000000002,
			"release_time" : 38.200000000000003,
			"tardiness_weight" : 3.0
		},
		{
			"due_date" : 42.899999999999999,
			"id" : 13,
			"is_internal" : true,
			"processing_time" : 2.3799999999999999,
			"release_time" : 38.130000000000003,
			"tardiness_weight" : 3.0
		},
		{
			"due_date" : 43.619999999999997,
			"id" : 14,
			"is_internal" : true,
			"processing_time" : 3.6699999999999999,
			"release_time" : 39.899999999999999,
			"tardiness_weight" : 4.0
		},
		{
			"due_date" : 44.329999999999998,
			"id" : 15,
			"is_internal" : true,
			"processing_time" : 2.46,
			"release_time" : 41.289999999999999,
			"tardiness_weight" : 3.0
		},
		{
			"due_date" : 45.890000000000001,
			"id" : 16,
			"is_internal" : true,
			"processing_time" : 2.3599999999999999,
			"release_time" : 40.5,
			"tardiness_weight" : 4.0
		},
		{
			"due_date" : 46.109999999999999,
			"id" : 17,
			"is_internal" : true,
			"processing_time" : 3.5099999999999998,
			"release_time" : 41.280000000000001,
			"tardiness_weight" : 3.0
		},
		{
			"due_date" : 53.009999999999998,
			"id" : 18,
			"is_internal" : true,
			"processing_time" : 3.5299999999999998,
			"release_time" : 49.369999999999997,
			"tardiness_weight" : 3.0
		},
		{
			"due_date" : 53.030000000000001,
			"id" : 19,
			"is_internal" : true,
			"processing_time" : 3.0299999999999998,
			"release_time" : 47.310000000000002,
			"tardiness_weight" : 3.0
		},
		{
			"due_date" : 55.189999999999998,
			"id" : 20,
			"is_internal" : true,
			"processing_time" : 3.73,
			"release_time" : 50.899999999999999,
			"tardiness_weight" : 3.0
		},
		{
			"due_date" : 56.539999999999999,
			"id" : 21,
			"is_internal" : true,
			"processing_time" : 3.9399999999999999,
			"release_time" : 52.159999999999997,
			"tardiness_weight" : 3.0
		},
		{
			"due_date" : 58.259999999999998,
			"id" : 22,
			"is_internal" : true,
			"processing_time" : 3.04,
			"release_time" : 54.130000000000003,
			"tardiness_weight" : 4.0
		},
		{
			"due_date" : 61.740000000000002,
			"id" : 23,
			"is_internal" : true,
			"processing_time" : 3.2200000000000002,
			"release_time" : 58.170000000000002,
			"tardiness_weight" : 3.0
		},
		{
			"due_date" : 64.200000000000003,
			"id" : 24,
			"is_internal" : true,
			"processing_time" : 3.5800000000000001,
			"release_time" : 59.369999999999997,
			"tardiness_weight" : 4.0
		},
		{
			"due_date" : 70.510000000000005,
			"id" : 25,
			"is_internal" : true,
			"processing_time" : 3.1699999999999999,
			"release_time" : 65.299999999999997,
			"tardiness_weight" : 4.0
		},
		{
			"due_date" : 76.420000000000002,
			"id" : 26,
			"is_internal" : true,
			"processing_time" : 3.1200000000000001,
			"release_time" : 71.590000000000003,
			"tardiness_weight" : 3.0
		},
		{
			"due_date" : 77.840000000000003,
			"id" : 27,
			"is_internal" : true,
			"processing_time" : 2.3500000000000001,
			"release_time" : 72.299999999999997,
			"tardiness_weight" : 4.0
		},
		{
			"due_date" : 81.200000000000003,
			"id" : 28,
			"is_internal" : true,
			"processing_time" : 2.21,
			"release_time" : 78.870000000000005,
			"tardiness_weight" : 4.0
		},
		{
			"due_date" : 94.670000000000002,
			"id" : 29,
			"is_internal" : true,
			"processing_time" : 3.5,
			"release_time" : 88.959999999999994,
			"tardiness_weight" : 3.0
		},
		{
			"due_date" : 107.83,
			"id" : 30,
			"is_internal" : true,
			"processing_time" : 2.7200000000000002,
			"release_time" : 104.87,
			"tardiness_weight" : 3.0
		},
		{
			"due_date" : 108.06999999999999,
			"id" : 31,
			"is_internal" : true,
			"processing_time" : 2.1299999999999999,
			"release_time" : 102.29000000000001,
			"tardiness_weight" : 3.0
		},
		{
			"due_date" : 112.73999999999999,
			"id" : 32,
			"is_internal" : true,
			"processing_time" : 3.8999999999999999,
			"release_time" : 107.05,
			"tardiness_weight" : 3.0
		},
		{
			"due_date" : 112.73999999999999,
			"id" : 33,
			"is_internal" : true,
			"processing_time" : 3.6000000000000001,
			"release_time" : 108.26000000000001,
			"tardiness_weight" : 4.0
		},
		{
			"due_date" : 116.41,
			"id" : 34,
			"is_internal" : true,
			"processing_time" : 2.3500000000000001,
			"release_time" : 113.38,
			"tardiness_weight" : 3.0
		},
		{
			"due_date" : 119.05,
			"id" : 35,
			"is_internal" : true,
			"processing_time" : 3.9700000000000002,
			"release_time" : 113.94,
			"tardiness_weight" : 3.0
		},
		{
			"due_date" : 128.81999999999999,
			"id" : 36,
			"is_internal" : true,
			"processing_time" : 2.79,
			"release_time" : 125.98,
			"tardiness_weight" : 4.0
		},
		{
			"due_date" : 139.88,
			"id" : 37,
			"is_internal" : true,
			"processing_time" : 2.02,
			"release_time" : 134.41,
			"tardiness_weight" : 3.0
		},
		{
			"due_date" : 146.93000000000001,
			"id" : 38,
			"is_internal" : true,
			"processing_time" : 2.54,
			"release_time" : 143.97,
			"tardiness_weight" : 3.0
		},
		{
			"due_date" : 148.55000000000001,
			"id" : 39,
			"is_internal" : true,
			"processing_time" : 2.0600000000000001,
			"release_time" : 144.59999999999999,
			"tardiness_weight" : 3.0
		},
		{
			"due_date" : 151.21000000000001,
			"id" : 40,
			"is_internal" : true,
			"processing_time" : 2.8399999999999999,
			"release_time" : 146.66,
			"tardiness_weight" : 4.0
		},
		{
			"due_date" : 151.44,
			"id" : 41,
			"is_internal" : true,
			"processing_time" : 3.04,
			"release_time" : 148.09999999999999,
			"tardiness_weight" : 4.0
		},
		{
			"due_date" : 153.59999999999999,
			"id" : 42,
			"is_internal" : true,
			"processing_time" : 2.54,
			"release_time" : 150.13,
			"tardiness_weight" : 3.0
		},
		{
			"due_date" : 160.09,
			"id" : 43,
			"is_internal" : true,
			"processing_time" : 3.9500000000000002,
			"release_time" : 155.34,
			"tardiness_weight" : 4.0
		},
		{
			"due_date" : 165.94999999999999,
			"id" : 44,
			"is_internal" : true,
			"processing_time" : 2.23,
			"release_time" : 160.5,
			"tardiness_weight" : 3.0
		},
		{
			"due_date" : 168.75999999999999,
			"id" : 45,
			"is_internal" : true,
			"processing_time" : 2.3599999999999999,
			"release_time" : 163.25,
			"tardiness_weight" : 4.0
		},
		{
			"due_date" : 169.13999999999999,
			"id" : 46,
			"is_internal" : true,
			"processing_time" : 3.2599999999999998,
			"release_time" : 165.66,
			"tardiness_weight" : 3.0
		},
		{
			"due_date" : 173.59,
			"id" : 47,
			"is_internal" : true,
			"processing_time" : 3.1400000000000001,
			"release_time" : 170.09999999999999,
			"tardiness_weight" : 3.0
		},
		{
			"due_date" : 174.84,
			"id" : 48,
			"is_internal" : true,
			"processing_time" : 2.1099999999999999,
			"release_time" : 168.84999999999999,
			"tardiness_weight" : 3.0
		},
		{
			"due_date" : 178.28,
			"id" : 49,
			"is_internal" : true,
			"processing_time" : 2.2200000000000002,
			"release_time" : 175.91,
			"tardiness_weight" : 4.0
		},
		{
			"due_date" : 185.09,
			"id" : 50,
			"is_internal" : true,
			"processing_time" : 3.7999999999999998,
			"release_time" : 179.38,
			"tardiness_weight" : 3.0
		},
		{
			"due_date" : 186.80000000000001,
			"id" : 51,
			"is_internal" : true,
			"processing_time" : 2.2999999999999998,
			"release_time" : 184.27000000000001,
			"tardiness_weight" : 4.0
		},
		{
			"due_date" : 189.75999999999999,
			"id" : 52,
			"is_internal" : true,
			"processing_time" : 3.5099999999999998,
			"release_time" : 185.66999999999999,
			"tardiness_weight" : 4.0
		},
		{
			"due_date" : 192.68000000000001,
			"id" : 53,
			"is_internal" : true,
			"processing_time" : 3.3100000000000001,
			"release_time" : 189.02000000000001,
			"tardiness_weight" : 4.0
		},
		{
			"due_date" : 197.65000000000001,
			"id" : 54,
			"is_internal" : true,
			"processing_time" : 3.2599999999999998,
			"release_time" : 192.03999999999999,
			"tardiness_weight" : 4.0
		},
		{
			"due_date" : 201.47999999999999,
			"id" : 55,
			"is_internal" : true,
			"processing_time" : 2.7999999999999998,
			"release_time" : 197.69,
			"tardiness_weight" : 4.0
		},
		{
			"due_date" : 201.59999999999999,
			"id" : 56,
			"is_internal" : true,
			"processing_time" : 3.1499999999999999,
			"release_time" : 197.15000000000001,
			"tardiness_weight" : 4.0
		},
		{
			"due_date" : 204.50999999999999,
			"id" : 57,
			"is_internal" : true,
			"processing_time" : 3.04,
			"release_time" : 200.40000000000001,
			"tardiness_weight" : 4.0
		},
		{
			"due_date" : 215.69999999999999,
			"id" : 58,
			"is_internal" : true,
			"processing_time" : 2.1600000000000001,
			"release_time" : 211.78,
			"tardiness_weight" : 3.0
		},
		{
			"due_date" : 217.69999999999999,
			"id" : 59,
			"is_internal" : true,
			"processing_time" : 2.9900000000000002,
			"release_time" : 212.18000000000001,
			"tardiness_weight" : 4.0
		},
		{
			"due_date" : 219.96000000000001,
			"id" : 60,
			"is_internal" : true,
			"processing_time" : 2.54,
			"release_time" : 216.25999999999999,
			"tardiness_weight" : 4.0
		},
		{
			"due_date" : 222.53999999999999,
			"id" : 61,
			"is_internal" : true,
			"processing_time" : 2.6400000000000001,
			"release_time" : 217.59,
			"tardiness_weight" : 4.0
		},
		{
			"due_date" : 222.94,
			"id" : 62,
			"is_internal" : true,
			"processing_time" : 3.2799999999999998,
			"release_time" : 218.19999999999999,
			"tardiness_weight" : 3.0
		},
		{
			"due_date" : 233.52000000000001,
			"id" : 63,
			"is_internal" : true,
			"processing_time" : 2.9900000000000002,
			"release_time" : 228.03,
			"tardiness_weight" : 4.0
		},
		{
			"due_date" : 234.94,
			"id" : 64,
			"is_internal" : true,
			"processing_time" : 2.0499999999999998,
			"release_time" : 232.18000000000001,
			"tardiness_weight" : 4.0
		},
		{
			"due_date" : 11.029999999999999,
			"id" : 65,
			"is_internal" : false,
			"processing_time" : 2.0,
			"release_time" : 9.0299999999999994,
			"tardiness_weight" : 1.0
		},
		{
			"due_date" : 13.32,
			"id" : 66,
			"is_internal" : false,
			"processing_time" : 2.0,
			"release_time" : 11.32,
			"tardiness_weight" : 1.0
		},
		{
			"due_date" : 24.23,
			"id" : 67,
			"is_internal" : false,
			"processing_time" : 2.0,
			"release_time" : 22.23,
			"tardiness_weight" : 1.0
		},
		{
			"due_date" : 26.460000000000001,
			"id" : 68,
			"is_internal" : false,
			"processing_time" : 2.0,
			"release_time" : 24.460000000000001,
			"tardiness_weight" : 1.0
		},
		{
			"due_date" : 53.579999999999998,
			"id" : 69,
			"is_internal" : false,
			"processing_time" : 2.0,
			"release_time" : 51.579999999999998,
			"tardiness_weight" : 1.0
		},
		{
			"due_date" : 163.06,
			"id" : 70,
			"is_internal" : false,
			"processing_time" : 2.0,
			"release_time" : 161.06,
			"tardiness_weight" : 1.0
		},
		{
			"due_date" : 217.27000000000001,
			"id" : 71,
			"is_internal" : false,
			"processing_time" : 2.0,
			"release_time" : 215.27000000000001,
			"tardiness_weight" : 1.0
		},
		{
			"due_date" : 220.44,
			"id" : 72,
			"is_internal" : false,
			"processing_time" : 2.0,
			"release_time" : 218.44,
			"tardiness_weight" : 1.0
		}
	],
	"time_adjacency_matrix" : 
	[
		[
			0.0,
			1.47,
			0.32999999999999996,
			2.3699999999999997,
			1.8899999999999999,
			0.56999999999999995,
			1.3500000000000001,
			0.0,
			1.8300000000000001,
			2.0699999999999998,
			0.98999999999999988,
			0.87,
			1.5900000000000001,
			0.87,
			2.4299999999999997,
			0.92999999999999994,
			0.98999999999999988,
			1.4099999999999999,
			1.05,
			0.98999999999999988,
			0.0,
			0.74999999999999989,
			2.1899999999999999,
			0.68999999999999995,
			0.56999999999999995,
			1.47,
			0.14999999999999999,
			2.1299999999999999,
			0.39000000000000001,
			2.0099999999999998,
			1.53,
			0.39000000000000001,
			1.4099999999999999,
			2.0099999999999998,
			0.32999999999999996,
			1.4099999999999999,
			1.1700000000000002,
			1.47,
			1.5900000000000001,
			0.27000000000000002,
			1.5900000000000001,
			0.0,
			2.3099999999999996,
			0.74999999999999989,
			0.63,
			2.3099999999999996,
			1.8899999999999999,
			2.0099999999999998,
			0.56999999999999995,
			1.53,
			0.56999999999999995,
			2.0099999999999998,
			1.1100000000000001,
			2.3099999999999996,
			0.0,
			0.92999999999999994,
			1.05,
			2.1899999999999999,
			1.29,
			2.3699999999999997,
			2.1299999999999999,
			1.8300000000000001,
			0.44999999999999996,
			2.1899999999999999,
			1.05,
			0.32999999999999996,
			1.4099999999999999,
			1.95,
			0.74999999999999989,
			0.56999999999999995,
			1.71,
			1.05,
			2.1899999999999999
		],
		[
			1.47,
			0.0,
			1.23,
			0.98999999999999988,
			0.51000000000000001,
			0.98999999999999988,
			0.20999999999999999,
			1.47,
			0.44999999999999996,
			0.68999999999999995,
			0.56999999999999995,
			0.68999999999999995,
			0.20999999999999999,
			0.68999999999999995,
			1.05,
			0.63,
			0.56999999999999995,
			0.14999999999999999,
			0.51000000000000001,
			0.56999999999999995,
			1.47,
			0.80999999999999994,
			0.80999999999999994,
			0.87,
			0.98999999999999988,
			0.0,
			1.4099999999999999,
			0.74999999999999989,
			1.1700000000000002,
			0.63,
			0.14999999999999999,
			1.1700000000000002,
			0.14999999999999999,
			0.63,
			1.23,
			0.14999999999999999,
			0.39000000000000001,
			0.0,
			0.20999999999999999,
			1.29,
			0.20999999999999999,
			1.47,
			0.92999999999999994,
			0.80999999999999994,
			0.92999999999999994,
			0.92999999999999994,
			0.51000000000000001,
			0.63,
			0.98999999999999988,
			0.14999999999999999,
			0.98999999999999988,
			0.63,
			0.44999999999999996,
			0.92999999999999994,
			1.47,
			0.63,
			0.51000000000000001,
			0.80999999999999994,
			0.27000000000000002,
			0.98999999999999988,
			0.74999999999999989,
			0.44999999999999996,
			1.1100000000000001,
			0.80999999999999994,
			0.51000000000000001,
			1.23,
			0.14999999999999999,
			0.56999999999999995,
			0.80999999999999994,
			0.98999999999999988,
			0.32999999999999996,
			0.51000000000000001,
			0.80999999999999994
		],
		[
			0.32999999999999996,
			1.23,
			0.0,
			2.1299999999999999,
			1.6500000000000001,
			0.32999999999999996,
			1.1100000000000001,
			0.32999999999999996,
			1.5900000000000001,
			1.8300000000000001,
			0.74999999999999989,
			0.63,
			1.3500000000000001,
			0.63,
			2.1899999999999999,
			0.68999999999999995,
			0.74999999999999989,
			1.1700000000000002,
			0.80999999999999994,
			0.74999999999999989,
			0.32999999999999996,
			0.51000000000000001,
			1.95,
			0.44999999999999996,
			0.32999999999999996,
			1.23,
			0.27000000000000002,
			1.8899999999999999,
			0.14999999999999999,
			1.77,
			1.29,
			0.14999999999999999,
			1.1700000000000002,
			1.77,
			0.0,
			1.1700000000000002,
			0.92999999999999994,
			1.23,
			1.3500000000000001,
			0.14999999999999999,
			1.3500000000000001,
			0.32999999999999996,
			2.0699999999999998,
			0.51000000000000001,
			0.39000000000000001,
			2.0699999999999998,
			1.6500000000000001,
			1.77,
			0.32999999999999996,
			1.29,
			0.32999999999999996,
			1.77,
			0.87,
			2.0699999999999998,
			0.32999999999999996,
			0.68999999999999995,
			0.80999999999999994,
			1.95,
			1.05,
			2.1299999999999999,
			1.8899999999999999,
			1.5900000000000001,
			0.20999999999999999,
			1.95,
			0.80999999999999994,
			0.0,
			1.1700000000000002,
			1.71,
			0.51000000000000001,
			0.32999999999999996,
			1.47,
			0.80999999999999994,
			1.95
		],
		[
			2.3699999999999997,
			0.98999999999999988,
			2.1299999999999999,
			0.0,
			0.56999999999999995,
			1.8899999999999999,
			1.1100000000000001,
			2.3699999999999997,
			0.63,
			0.39000000000000001,
			1.47,
			1.5900000000000001,
			0.87,
			1.5900000000000001,
			0.14999999999999999,
			1.53,
			1.47,
			1.05,
			1.4099999999999999,
			1.47,
			2.3699999999999997,
			1.71,
			0.27000000000000002,
			1.77,
			1.8899999999999999,
			0.98999999999999988,
			2.3099999999999996,
			0.32999999999999996,
			2.0699999999999998,
			0.44999999999999996,
			0.92999999999999994,
			2.0699999999999998,
			1.05,
			0.44999999999999996,
			2.1299999999999999,
			1.05,
			1.29,
			0.98999999999999988,
			0.87,
			2.1899999999999999,
			0.87,
			2.3699999999999997,
			0.14999999999999999,
			1.71,
			1.8300000000000001,
			0.14999999999999999,
			0.56999999999999995,
			0.44999999999999996,
			1.8899999999999999,
			0.92999999999999994,
			1.8899999999999999,
			0.44999999999999996,
			1.3500000000000001,
			0.14999999999999999,
			2.3699999999999997,
			1.53,
			1.4099999999999999,
			0.27000000000000002,
			1.1700000000000002,
			0.0,
			0.32999999999999996,
			0.63,
			2.0099999999999998,
			0.27000000000000002,
			1.4099999999999999,
			2.1299999999999999,
			1.05,
			0.51000000000000001,
			1.71,
			1.8899999999999999,
			0.74999999999999989,
			1.4099999999999999,
			0.27000000000000002
		],
		[
			1.8899999999999999,
			0.51000000000000001,
			1.6500000000000001,
			0.56999999999999995,
			0.0,
			1.4099999999999999,
			0.63,
			1.8899999999999999,
			0.14999999999999999,
			0.27000000000000002,
			0.98999999999999988,
			1.1100000000000001,
			0.39000000000000001,
			1.1100000000000001,
			0.63,
			1.05,
			0.98999999999999988,
			0.56999999999999995,
			0.92999999999999994,
			0.98999999999999988,
			1.8899999999999999,
			1.23,
			0.39000000000000001,
			1.29,
			1.4099999999999999,
			0.51000000000000001,
			1.8300000000000001,
			0.32999999999999996,
			1.5900000000000001,
			0.20999999999999999,
			0.44999999999999996,
			1.5900000000000001,
			0.56999999999999995,
			0.20999999999999999,
			1.6500000000000001,
			0.56999999999999995,
			0.80999999999999994,
			0.51000000000000001,
			0.39000000000000001,
			1.71,
			0.39000000000000001,
			1.8899999999999999,
			0.51000000000000001,
			1.23,
			1.3500000000000001,
			0.51000000000000001,
			0.0,
			0.20999999999999999,
			1.4099999999999999,
			0.44999999999999996,
			1.4099999999999999,
			0.20999999999999999,
			0.87,
			0.51000000000000001,
			1.8899999999999999,
			1.05,
			0.92999999999999994,
			0.39000000000000001,
			0.68999999999999995,
			0.56999999999999995,
			0.32999999999999996,
			0.14999999999999999,
			1.53,
			0.39000000000000001,
			0.92999999999999994,
			1.6500000000000001,
			0.56999999999999995,
			0.14999999999999999,
			1.23,
			1.4099999999999999,
			0.27000000000000002,
			0.92999999999999994,
			0.39000000000000001
		],
		[
			0.56999999999999995,
			0.98999999999999988,
			0.32999999999999996,
			1.8899999999999999,
			1.4099999999999999,
			0.0,
			0.87,
			0.56999999999999995,
			1.3500000000000001,
			1.5900000000000001,
			0.51000000000000001,
			0.39000000000000001,
			1.1100000000000001,
			0.39000000000000001,
			1.95,
			0.44999999999999996,
			0.51000000000000001,
			0.92999999999999994,
			0.56999999999999995,
			0.51000000000000001,
			0.56999999999999995,
			0.27000000000000002,
			1.71,
			0.20999999999999999,
			0.0,
			0.98999999999999988,
			0.51000000000000001,
			1.6500000000000001,
			0.27000000000000002,
			1.53,
			1.05,
			0.27000000000000002,
			0.92999999999999994,
			1.53,
			0.32999999999999996,
			0.92999999999999994,
			0.68999999999999995,
			0.98999999999999988,
			1.1100000000000001,
			0.39000000000000001,
			1.1100000000000001,
			0.56999999999999995,
			1.8300000000000001,
			0.27000000000000002,
			0.14999999999999999,
			1.8300000000000001,
			1.4099999999999999,
			1.53,
			0.0,
			1.05,
			0.0,
			1.53,
			0.63,
			1.8300000000000001,
			0.56999999999999995,
			0.44999999999999996,
			0.56999999999999995,
			1.71,
			0.80999999999999994,
			1.8899999999999999,
			1.6500000000000001,
			1.3500000000000001,
			0.20999999999999999,
			1.71,
			0.56999999999999995,
			0.32999999999999996,
			0.92999999999999994,
			1.47,
			0.27000000000000002,
			0.0,
			1.23,
			0.56999999999999995,
			1.71
		],
		[
			1.3500000000000001,
			0.20999999999999999,
			1.1100000000000001,
			1.1100000000000001,
			0.63,
			0.87,
			0.0,
			1.3500000000000001,
			0.56999999999999995,
			0.80999999999999994,
			0.44999999999999996,
			0.56999999999999995,
			0.32999999999999996,
			0.56999999999999995,
			1.1700000000000002,
			0.51000000000000001,
			0.44999999999999996,
			0.14999999999999999,
			0.39000000000000001,
			0.44999999999999996,
			1.3500000000000001,
			0.68999999999999995,
			0.92999999999999994,
			0.74999999999999989,
			0.87,
			0.20999999999999999,
			1.29,
			0.87,
			1.05,
			0.74999999999999989,
			0.27000000000000002,
			1.05,
			0.14999999999999999,
			0.74999999999999989,
			1.1100000000000001,
			0.14999999999999999,
			0.27000000000000002,
			0.20999999999999999,
			0.32999999999999996,
			1.1700000000000002,
			0.32999999999999996,
			1.3500000000000001,
			1.05,
			0.68999999999999995,
			0.80999999999999994,
			1.05,
			0.63,
			0.74999999999999989,
			0.87,
			0.27000000000000002,
			0.87,
			0.74999999999999989,
			0.32999999999999996,
			1.05,
			1.3500000000000001,
			0.51000000000000001,
			0.39000000000000001,
			0.92999999999999994,
			0.14999999999999999,
			1.1100000000000001,
			0.87,
			0.56999999999999995,
			0.98999999999999988,
			0.92999999999999994,
			0.39000000000000001,
			1.1100000000000001,
			0.14999999999999999,
			0.68999999999999995,
			0.68999999999999995,
			0.87,
			0.44999999999999996,
			0.39000000000000001,
			0.92999999999999994
		],
		[
			0.0,
			1.47,
			0.32999999999999996,
			2.3699999999999997,
			1.8899999999999999,
			0.56999999999999995,
			1.3500000000000001,
			0.0,
			1.8300000000000001,
			2.0699999999999998,
			0.98999999999999988,
			0.87,
			1.5900000000000001,
			0.87,
			2.4299999999999997,
			0.92999999999999994,
			0.98999999999999988,
			1.4099999999999999,
			1.05,
			0.98999999999999988,
			0.0,
			0.74999999999999989,
			2.1899999999999999,
			0.68999999999999995,
			0.56999999999999995,
			1.47,
			0.14999999999999999,
			2.1299999999999999,
			0.39000000000000001,
			2.0099999999999998,
			1.53,
			0.39000000000000001,
			1.4099999999999999,
			2.0099999999999998,
			0.32999999999999996,
			1.4099999999999999,
			1.1700000000000002,
			1.47,
			1.5900000000000001,
			0.27000000000000002,
			1.5900000000000001,
			0.0,
			2.3099999999999996,
			0.74999999999999989,
			0.63,
			2.3099999999999996,
			1.8899999999999999,
			2.0099999999999998,
			0.56999999999999995,
			1.53,
			0.56999999999999995,
			2.0099999999999998,
			1.1100000000000001,
			2.3099999999999996,
			0.0,
			0.92999999999999994,
			1.05,
			2.1899999999999999,
			1.29,
			2.3699999999999997,
			2.1299999999999999,
			1.8300000000000001,
			0.44999999999999996,
			2.1899999999999999,
			1.05,
			0.32999999999999996,
			1.4099999999999999,
			1.95,
			0.74999999999999989,
			0.56999999999999995,
			1.71,
			1.05,
			2.1899999999999999
		],
		[
			1.8300000000000001,
			0.44999999999999996,
			1.5900000000000001,
			0.63,
			0.14999999999999999,
			1.3500000000000001,
			0.56999999999999995,
			1.8300000000000001,
			0.0,
			0.32999999999999996,
			0.92999999999999994,
			1.05,
			0.32999999999999996,
			1.05,
			0.68999999999999995,
			0.98999999999999988,
			0.92999999999999994,
			0.51000000000000001,
			0.87,
			0.92999999999999994,
			1.8300000000000001,
			1.1700000000000002,
			0.44999999999999996,
			1.23,
			1.3500000000000001,
			0.44999999999999996,
			1.77,
			0.39000000000000001,
			1.53,
			0.27000000000000002,
			0.39000000000000001,
			1.53,
			0.51000000000000001,
			0.27000000000000002,
			1.5900000000000001,
			0.51000000000000001,
			0.74999999999999989,
			0.44999999999999996,
			0.32999999999999996,
			1.6500000000000001,
			0.32999999999999996,
			1.8300000000000001,
			0.56999999999999995,
			1.1700000000000002,
			1.29,
			0.56999999999999995,
			0.14999999999999999,
			0.27000000000000002,
			1.3500000000000001,
			0.39000000000000001,
			1.3500000000000001,
			0.27000000000000002,
			0.80999999999999994,
			0.56999999999999995,
			1.8300000000000001,
			0.98999999999999988,
			0.87,
			0.44999999999999996,
			0.63,
			0.63,
			0.39000000000000001,
			0.0,
			1.47,
			0.44999999999999996,
			0.87,
			1.5900000000000001,
			0.51000000000000001,
			0.20999999999999999,
			1.1700000000000002,
			1.3500000000000001,
			0.20999999999999999,
			0.87,
			0.44999999999999996
		],
		[
			2.0699999999999998,
			0.68999999999999995,
			1.8300000000000001,
			0.39000000000000001,
			0.27000000000000002,
			1.5900000000000001,
			0.80999999999999994,
			2.0699999999999998,
			0.32999999999999996,
			0.0,
			1.1700000000000002,
			1.29,
			0.56999999999999995,
			1.29,
			0.44999999999999996,
			1.23,
			1.1700000000000002,
			0.74999999999999989,
			1.1100000000000001,
			1.1700000000000002,
			2.0699999999999998,
			1.4099999999999999,
			0.20999999999999999,
			1.47,
			1.5900000000000001,
			0.68999999999999995,
			2.0099999999999998,
			0.14999999999999999,
			1.77,
			0.14999999999999999,
			0.63,
			1.77,
			0.74999999999999989,
			0.14999999999999999,
			1.8300000000000001,
			0.74999999999999989,
			0.98999999999999988,
			0.68999999999999995,
			0.56999999999999995,
			1.8899999999999999,
			0.56999999999999995,
			2.0699999999999998,
			0.32999999999999996,
			1.4099999999999999,
			1.53,
			0.32999999999999996,
			0.27000000000000002,
			0.14999999999999999,
			1.5900000000000001,
			0.63,
			1.5900000000000001,
			0.14999999999999999,
			1.05,
			0.32999999999999996,
			2.0699999999999998,
			1.23,
			1.1100000000000001,
			0.20999999999999999,
			0.87,
			0.39000000000000001,
			0.14999999999999999,
			0.32999999999999996,
			1.71,
			0.20999999999999999,
			1.1100000000000001,
			1.8300000000000001,
			0.74999999999999989,
			0.20999999999999999,
			1.4099999999999999,
			1.5900000000000001,
			0.44999999999999996,
			1.1100000000000001,
			0.20999999999999999
		],
		[
			0.98999999999999988,
			0.56999999999999995,
			0.74999999999999989,
			1.47,
			0.98999999999999988,
			0.51000000000000001,
			0.44999999999999996,
			0.98999999999999988,
			0.92999999999999994,
			1.1700000000000002,
			0.0,
			0.20999999999999999,
			0.68999999999999995,
			0.20999999999999999,
			1.53,
			0.14999999999999999,
			0.0,
			0.51000000000000001,
			0.14999999999999999,
			0.0,
			0.98999999999999988,
			0.32999999999999996,
			1.29,
			0.39000000000000001,
			0.51000000000000001,
			0.56999999999999995,
			0.92999999999999994,
			1.23,
			0.68999999999999995,
			1.1100000000000001,
			0.63,
			0.68999999999999995,
			0.51000000000000001,
			1.1100000000000001,
			0.74999999999999989,
			0.51000000000000001,
			0.27000000000000002,
			0.56999999999999995,
			0.68999999999999995,
			0.80999999999999994,
			0.68999999999999995,
			0.98999999999999988,
			1.4099999999999999,
			0.32999999999999996,
			0.44999999999999996,
			1.4099999999999999,
			0.98999999999999988,
			1.1100000000000001,
			0.51000000000000001,
			0.63,
			0.51000000000000001,
			1.1100000000000001,
			0.20999999999999999,
			1.4099999999999999,
			0.98999999999999988,
			0.14999999999999999,
			0.14999999999999999,
			1.29,
			0.39000000000000001,
			1.47,
			1.23,
			0.92999999999999994,
			0.63,
			1.29,
			0.14999999999999999,
			0.74999999999999989,
			0.51000000000000001,
			1.05,
			0.32999999999999996,
			0.51000000000000001,
			0.80999999999999994,
			0.14999999999999999,
			1.29
		],
		[
			0.87,
			0.68999999999999995,
			0.63,
			1.5900000000000001,
			1.1100000000000001,
			0.39000000000000001,
			0.56999999999999995,
			0.87,
			1.05,
			1.29,
			0.20999999999999999,
			0.0,
			0.80999999999999994,
			0.0,
			1.6500000000000001,
			0.14999999999999999,
			0.20999999999999999,
			0.63,
			0.27000000000000002,
			0.20999999999999999,
			0.87,
			0.20999999999999999,
			1.4099999999999999,
			0.27000000000000002,
			0.39000000000000001,
			0.68999999999999995,
			0.80999999999999994,
			1.3500000000000001,
			0.56999999999999995,
			1.23,
			0.74999999999999989,
			0.56999999999999995,
			0.63,
			1.23,
			0.63,
			0.63,
			0.39000000000000001,
			0.68999999999999995,
			0.80999999999999994,
			0.68999999999999995,
			0.80999999999999994,
			0.87,
			1.53,
			0.20999999999999999,
			0.32999999999999996,
			1.53,
			1.1100000000000001,
			1.23,
			0.39000000000000001,
			0.74999999999999989,
			0.39000000000000001,
			1.23,
			0.32999999999999996,
			1.53,
			0.87,
			0.14999999999999999,
			0.27000000000000002,
			1.4099999999999999,
			0.51000000000000001,
			1.5900000000000001,
			1.3500000000000001,
			1.05,
			0.51000000000000001,
			1.4099999999999999,
			0.27000000000000002,
			0.63,
			0.63,
			1.1700000000000002,
			0.20999999999999999,
			0.39000000000000001,
			0.92999999999999994,
			0.27000000000000002,
			1.4099999999999999
		],
		[
			1.5900000000000001,
			0.20999999999999999,
			1.3500000000000001,
			0.87,
			0.39000000000000001,
			1.1100000000000001,
			0.32999999999999996,
			1.5900000000000001,
			0.32999999999999996,
			0.56999999999999995,
			0.68999999999999995,
			0.80999999999999994,
			0.0,
			0.80999999999999994,
			0.92999999999999994,
			0.74999999999999989,
			0.68999999999999995,
			0.27000000000000002,
			0.63,
			0.68999999999999995,
			1.5900000000000001,
			0.92999999999999994,
			0.68999999999999995,
			0.98999999999999988,
			1.1100000000000001,
			0.20999999999999999,
			1.53,
			0.63,
			1.29,
			0.51000000000000001,
			0.14999999999999999,
			1.29,
			0.27000000000000002,
			0.51000000000000001,
			1.3500000000000001,
			0.27000000000000002,
			0.51000000000000001,
			0.20999999999999999,
			0.0,
			1.4099999999999999,
			0.0,
			1.5900000000000001,
			0.80999999999999994,
			0.92999999999999994,
			1.05,
			0.80999999999999994,
			0.39000000000000001,
			0.51000000000000001,
			1.1100000000000001,
			0.14999999999999999,
			1.1100000000000001,
			0.51000000000000001,
			0.56999999999999995,
			0.80999999999999994,
			1.5900000000000001,
			0.74999999999999989,
			0.63,
			0.68999999999999995,
			0.39000000000000001,
			0.87,
			0.63,
			0.32999999999999996,
			1.23,
			0.68999999999999995,
			0.63,
			1.3500000000000001,
			0.27000000000000002,
			0.44999999999999996,
			0.92999999999999994,
			1.1100000000000001,
			0.20999999999999999,
			0.63,
			0.68999999999999995
		],
		[
			0.87,
			0.68999999999999995,
			0.63,
			1.5900000000000001,
			1.1100000000000001,
			0.39000000000000001,
			0.56999999999999995,
			0.87,
			1.05,
			1.29,
			0.20999999999999999,
			0.0,
			0.80999999999999994,
			0.0,
			1.6500000000000001,
			0.14999999999999999,
			0.20999999999999999,
			0.63,
			0.27000000000000002,
			0.20999999999999999,
			0.87,
			0.20999999999999999,
			1.4099999999999999,
			0.27000000000000002,
			0.39000000000000001,
			0.68999999999999995,
			0.80999999999999994,
			1.3500000000000001,
			0.56999999999999995,
			1.23,
			0.74999999999999989,
			0.56999999999999995,
			0.63,
			1.23,
			0.63,
			0.63,
			0.39000000000000001,
			0.68999999999999995,
			0.80999999999999994,
			0.68999999999999995,
			0.80999999999999994,
			0.87,
			1.53,
			0.20999999999999999,
			0.32999999999999996,
			1.53,
			1.1100000000000001,
			1.23,
			0.39000000000000001,
			0.74999999999999989,
			0.39000000000000001,
			1.23,
			0.32999999999999996,
			1.53,
			0.87,
			0.14999999999999999,
			0.27000000000000002,
			1.4099999999999999,
			0.51000000000000001,
			1.5900000000000001,
			1.3500000000000001,
			1.05,
			0.51000000000000001,
			1.4099999999999999,
			0.27000000000000002,
			0.63,
			0.63,
			1.1700000000000002,
			0.20999999999999999,
			0.39000000000000001,
			0.92999999999999994,
			0.27000000000000002,
			1.4099999999999999
		],
		[
			2.4299999999999997,
			1.05,
			2.1899999999999999,
			0.14999999999999999,
			0.63,
			1.95,
			1.1700000000000002,
			2.4299999999999997,
			0.68999999999999995,
			0.44999999999999996,
			1.53,
			1.6500000000000001,
			0.92999999999999994,
			1.6500000000000001,
			0.0,
			1.5900000000000001,
			1.53,
			1.1100000000000001,
			1.47,
			1.53,
			2.4299999999999997,
			1.77,
			0.32999999999999996,
			1.8300000000000001,
			1.95,
			1.05,
			2.3699999999999997,
			0.39000000000000001,
			2.1299999999999999,
			0.51000000000000001,
			0.98999999999999988,
			2.1299999999999999,
			1.1100000000000001,
			0.51000000000000001,
			2.1899999999999999,
			1.1100000000000001,
			1.3500000000000001,
			1.05,
			0.92999999999999994,
			2.25,
			0.92999999999999994,
			2.4299999999999997,
			0.20999999999999999,
			1.77,
			1.8899999999999999,
			0.20999999999999999,
			0.63,
			0.51000000000000001,
			1.95,
			0.98999999999999988,
			1.95,
			0.51000000000000001,
			1.4099999999999999,
			0.20999999999999999,
			2.4299999999999997,
			1.5900000000000001,
			1.47,
			0.32999999999999996,
			1.23,
			0.14999999999999999,
			0.39000000000000001,
			0.68999999999999995,
			2.0699999999999998,
			0.32999999999999996,
			1.47,
			2.1899999999999999,
			1.1100000000000001,
			0.56999999999999995,
			1.77,
			1.95,
			0.80999999999999994,
			1.47,
			0.32999999999999996
		],
		[
			0.92999999999999994,
			0.63,
			0.68999999999999995,
			1.53,
			1.05,
			0.44999999999999996,
			0.51000000000000001,
			0.92999999999999994,
			0.98999999999999988,
			1.23,
			0.14999999999999999,
			0.14999999999999999,
			0.74999999999999989,
			0.14999999999999999,
			1.5900000000000001,
			0.0,
			0.14999999999999999,
			0.56999999999999995,
			0.20999999999999999,
			0.14999999999999999,
			0.92999999999999994,
			0.27000000000000002,
			1.3500000000000001,
			0.32999999999999996,
			0.44999999999999996,
			0.63,
			0.87,
			1.29,
			0.63,
			1.1700000000000002,
			0.68999999999999995,
			0.63,
			0.56999999999999995,
			1.1700000000000002,
			0.68999999999999995,
			0.56999999999999995,
			0.32999999999999996,
			0.63,
			0.74999999999999989,
			0.74999999999999989,
			0.74999999999999989,
			0.92999999999999994,
			1.47,
			0.27000000000000002,
			0.39000000000000001,
			1.47,
			1.05,
			1.1700000000000002,
			0.44999999999999996,
			0.68999999999999995,
			0.44999999999999996,
			1.1700000000000002,
			0.27000000000000002,
			1.47,
			0.92999999999999994,
			0.0,
			0.20999999999999999,
			1.3500000000000001,
			0.44999999999999996,
			1.53,
			1.29,
			0.98999999999999988,
			0.56999999999999995,
			1.3500000000000001,
			0.20999999999999999,
			0.68999999999999995,
			0.56999999999999995,
			1.1100000000000001,
			0.27000000000000002,
			0.44999999999999996,
			0.87,
			0.20999999999999999,
			1.3500000000000001
		],
		[
			0.98999999999999988,
			0.56999999999999995,
			0.74999999999999989,
			1.47,
			0.98999999999999988,
			0.51000000000000001,
			0.44999999999999996,
			0.98999999999999988,
			0.92999999999999994,
			1.1700000000000002,
			0.0,
			0.20999999999999999,
			0.68999999999999995,
			0.20999999999999999,
			1.53,
			0.14999999999999999,
			0.0,
			0.51000000000000001,
			0.14999999999999999,
			0.0,
			0.98999999999999988,
			0.32999999999999996,
			1.29,
			0.39000000000000001,
			0.51000000000000001,
			0.56999999999999995,
			0.92999999999999994,
			1.23,
			0.68999999999999995,
			1.1100000000000001,
			0.63,
			0.68999999999999995,
			0.51000000000000001,
			1.1100000000000001,
			0.74999999999999989,
			0.51000000000000001,
			0.27000000000000002,
			0.56999999999999995,
			0.68999999999999995,
			0.80999999999999994,
			0.68999999999999995,
			0.98999999999999988,
			1.4099999999999999,
			0.32999999999999996,
			0.44999999999999996,
			1.4099999999999999,
			0.98999999999999988,
			1.1100000000000001,
			0.51000000000000001,
			0.63,
			0.51000000000000001,
			1.1100000000000001,
			0.20999999999999999,
			1.4099999999999999,
			0.98999999999999988,
			0.14999999999999999,
			0.14999999999999999,
			1.29,
			0.39000000000000001,
			1.47,
			1.23,
			0.92999999999999994,
			0.63,
			1.29,
			0.14999999999999999,
			0.74999999999999989,
			0.51000000000000001,
			1.05,
			0.32999999999999996,
			0.51000000000000001,
			0.80999999999999994,
			0.14999999999999999,
			1.29
		],
		[
			1.4099999999999999,
			0.14999999999999999,
			1.1700000000000002,
			1.05,
			0.56999999999999995,
			0.92999999999999994,
			0.14999999999999999,
			1.4099999999999999,
			0.51000000000000001,
			0.74999999999999989,
			0.51000000000000001,
			0.63,
			0.27000000000000002,
			0.63,
			1.1100000000000001,
			0.56999999999999995,
			0.51000000000000001,
			0.0,
			0.44999999999999996,
			0.51000000000000001,
			1.4099999999999999,
			0.74999999999999989,
			0.87,
			0.80999999999999994,
			0.92999999999999994,
			0.14999999999999999,
			1.3500000000000001,
			0.80999999999999994,
			1.1100000000000001,
			0.68999999999999995,
			0.20999999999999999,
			1.1100000000000001,
			0.0,
			0.68999999999999995,
			1.1700000000000002,
			0.0,
			0.32999999999999996,
			0.14999999999999999,
			0.27000000000000002,
			1.23,
			0.27000000000000002,
			1.4099999999999999,
			0.98999999999999988,
			0.74999999999999989,
			0.87,
			0.98999999999999988,
			0.56999999999999995,
