{
	"instance_setting" : 
	{
		"average_number_of_tasks_executed_by_yc_per_hour" : 18,
		"external_task_ratio" : 0.29999999999999999,
		"instance_id" : 43,
		"number_of_external_tasks" : 22,
		"number_of_internal_tasks" : 50,
		"number_of_tasks" : 72,
		"planning_window_length_in_hours" : 4.0
	},
	"offline_optimal" : 1172.4100000000005,
	"offline_solution_computation_time_in_seconds" : 1.9952057999999999,
	"offline_solution_task_sequence" : 
	[
		0,
		2,
		4,
		3,
		5,
		1,
		6,
		7,
		9,
		8,
		10,
		52,
		51,
		12,
		11,
		14,
		15,
		13,
		16,
		53,
		18,
		17,
		19,
		56,
		20,
		57,
		21,
		54,
		22,
		58,
		60,
		23,
		24,
		63,
		25,
		62,
		26,
		27,
		28,
		55,
		59,
		30,
		31,
		32,
		29,
		33,
		61,
		64,
		34,
		69,
		36,
		37,
		35,
		66,
		38,
		68,
		70,
		65,
		67,
		39,
		40,
		42,
		45,
		44,
		48,
		47,
		43,
		46,
		49,
		41,
		71,
		50,
		72
	],
	"tasks" : 
	[
		{
			"due_date" : 0.0,
			"id" : 0,
			"is_internal" : true,
			"processing_time" : 0.0,
			"release_time" : 0.0,
			"tardiness_weight" : 0.0
		},
		{
			"due_date" : 1.2,
			"id" : 1,
			"is_internal" : true,
			"processing_time" : 2.6899999999999999,
			"release_time" : 0.0,
			"tardiness_weight" : 4.0
		},
		{
			"due_date" : 1.7,
			"id" : 2,
			"is_internal" : true,
			"processing_time" : 2.5899999999999999,
			"release_time" : 0.0,
			"tardiness_weight" : 3.0
		},
		{
			"due_date" : 1.71,
			"id" : 3,
			"is_internal" : true,
			"processing_time" : 2.02,
			"release_time" : 0.0,
			"tardiness_weight" : 3.0
		},
		{
			"due_date" : 6.8799999999999999,
			"id" : 4,
			"is_internal" : true,
			"processing_time" : 3.8700000000000001,
			"release_time" : 1.3100000000000001,
			"tardiness_weight" : 4.0
		},
		{
			"due_date" : 15.779999999999999,
			"id" : 5,
			"is_internal" : true,
			"processing_time" : 2.23,
			"release_time" : 9.9000000000000004,
			"tardiness_weight" : 4.0
		},
		{
			"due_date" : 16.670000000000002,
			"id" : 6,
			"is_internal" : true,
			"processing_time" : 2.3999999999999999,
			"release_time" : 10.69,
			"tardiness_weight" : 3.0
		},
		{
			"due_date" : 23.359999999999999,
			"id" : 7,
			"is_internal" : true,
			"processing_time" : 2.2999999999999998,
			"release_time" : 20.489999999999998,
			"tardiness_weight" : 4.0
		},
		{
			"due_date" : 24.48,
			"id" : 8,
			"is_internal" : true,
			"processing_time" : 3.4900000000000002,
			"release_time" : 19.539999999999999,
			"tardiness_weight" : 4.0
		},
		{
			"due_date" : 26.25,
			"id" : 9,
			"is_internal" : true,
			"processing_time" : 2.75,
			"release_time" : 20.34,
			"tardiness_weight" : 3.0
		},
		{
			"due_date" : 32.659999999999997,
			"id" : 10,
			"is_internal" : true,
			"processing_time" : 2.8900000000000001,
			"release_time" : 27.800000000000001,
			"tardiness_weight" : 4.0
		},
		{
			"due_date" : 43.240000000000002,
			"id" : 11,
			"is_internal" : true,
			"processing_time" : 3.1800000000000002,
			"release_time" : 38.289999999999999,
			"tardiness_weight" : 3.0
		},
		{
			"due_date" : 43.299999999999997,
			"id" : 12,
			"is_internal" : true,
			"processing_time" : 2.1400000000000001,
			"release_time" : 37.960000000000001,
			"tardiness_weight" : 4.0
		},
		{
			"due_date" : 44.43,
			"id" : 13,
			"is_internal" : true,
			"processing_time" : 3.8900000000000001,
			"release_time" : 38.759999999999998,
			"tardiness_weight" : 3.0
		},
		{
			"due_date" : 45.670000000000002,
			"id" : 14,
			"is_internal" : true,
			"processing_time" : 3.71,
			"release_time" : 40.93,
			"tardiness_weight" : 4.0
		},
		{
			"due_date" : 50.479999999999997,
			"id" : 15,
			"is_internal" : true,
			"processing_time" : 2.21,
			"release_time" : 46.240000000000002,
			"tardiness_weight" : 3.0
		},
		{
			"due_date" : 56.509999999999998,
			"id" : 16,
			"is_internal" : true,
			"processing_time" : 2.9900000000000002,
			"release_time" : 52.219999999999999,
			"tardiness_weight" : 3.0
		},
		{
			"due_date" : 61.109999999999999,
			"id" : 17,
			"is_internal" : true,
			"processing_time" : 2.9500000000000002,
			"release_time" : 58.130000000000003,
			"tardiness_weight" : 3.0
		},
		{
			"due_date" : 65.879999999999995,
			"id" : 18,
			"is_internal" : true,
			"processing_time" : 3.77,
			"release_time" : 60.32,
			"tardiness_weight" : 3.0
		},
		{
			"due_date" : 72.219999999999999,
			"id" : 19,
			"is_internal" : true,
			"processing_time" : 3.52,
			"release_time" : 67.609999999999999,
			"tardiness_weight" : 4.0
		},
		{
			"due_date" : 72.469999999999999,
			"id" : 20,
			"is_internal" : true,
			"processing_time" : 2.5299999999999998,
			"release_time" : 66.920000000000002,
			"tardiness_weight" : 4.0
		},
		{
			"due_date" : 85.260000000000005,
			"id" : 21,
			"is_internal" : true,
			"processing_time" : 2.6200000000000001,
			"release_time" : 80.859999999999999,
			"tardiness_weight" : 3.0
		},
		{
			"due_date" : 91.920000000000002,
			"id" : 22,
			"is_internal" : true,
			"processing_time" : 2.5,
			"release_time" : 86.609999999999999,
			"tardiness_weight" : 4.0
		},
		{
			"due_date" : 98.280000000000001,
			"id" : 23,
			"is_internal" : true,
			"processing_time" : 2.5899999999999999,
			"release_time" : 93.319999999999993,
			"tardiness_weight" : 3.0
		},
		{
			"due_date" : 101.69,
			"id" : 24,
			"is_internal" : true,
			"processing_time" : 3.1299999999999999,
			"release_time" : 97.879999999999995,
			"tardiness_weight" : 3.0
		},
		{
			"due_date" : 107.73,
			"id" : 25,
			"is_internal" : true,
			"processing_time" : 2.6099999999999999,
			"release_time" : 104.72,
			"tardiness_weight" : 4.0
		},
		{
			"due_date" : 113.03,
			"id" : 26,
			"is_internal" : true,
			"processing_time" : 2.0699999999999998,
			"release_time" : 110.90000000000001,
			"tardiness_weight" : 4.0
		},
		{
			"due_date" : 117.63,
			"id" : 27,
			"is_internal" : true,
			"processing_time" : 3.5499999999999998,
			"release_time" : 113.44,
			"tardiness_weight" : 4.0
		},
		{
			"due_date" : 121.70999999999999,
			"id" : 28,
			"is_internal" : true,
			"processing_time" : 3.5099999999999998,
			"release_time" : 117.04000000000001,
			"tardiness_weight" : 3.0
		},
		{
			"due_date" : 126.47,
			"id" : 29,
			"is_internal" : true,
			"processing_time" : 3.8799999999999999,
			"release_time" : 121.09,
			"tardiness_weight" : 4.0
		},
		{
			"due_date" : 130.13,
			"id" : 30,
			"is_internal" : true,
			"processing_time" : 3.2000000000000002,
			"release_time" : 125.56,
			"tardiness_weight" : 3.0
		},
		{
			"due_date" : 130.96000000000001,
			"id" : 31,
			"is_internal" : true,
			"processing_time" : 2.96,
			"release_time" : 126.97,
			"tardiness_weight" : 3.0
		},
		{
			"due_date" : 132.0,
			"id" : 32,
			"is_internal" : true,
			"processing_time" : 2.6499999999999999,
			"release_time" : 128.03999999999999,
			"tardiness_weight" : 3.0
		},
		{
			"due_date" : 140.36000000000001,
			"id" : 33,
			"is_internal" : true,
			"processing_time" : 3.3100000000000001,
			"release_time" : 136.80000000000001,
			"tardiness_weight" : 4.0
		},
		{
			"due_date" : 153.72999999999999,
			"id" : 34,
			"is_internal" : true,
			"processing_time" : 3.1899999999999999,
			"release_time" : 148.94999999999999,
			"tardiness_weight" : 3.0
		},
		{
			"due_date" : 156.34,
			"id" : 35,
			"is_internal" : true,
			"processing_time" : 2.9100000000000001,
			"release_time" : 150.38999999999999,
			"tardiness_weight" : 3.0
		},
		{
			"due_date" : 162.40000000000001,
			"id" : 36,
			"is_internal" : true,
			"processing_time" : 3.0699999999999998,
			"release_time" : 157.81999999999999,
			"tardiness_weight" : 4.0
		},
		{
			"due_date" : 165.16999999999999,
			"id" : 37,
			"is_internal" : true,
			"processing_time" : 3.8199999999999998,
			"release_time" : 159.30000000000001,
			"tardiness_weight" : 4.0
		},
		{
			"due_date" : 173.59,
			"id" : 38,
			"is_internal" : true,
			"processing_time" : 2.1400000000000001,
			"release_time" : 171.13,
			"tardiness_weight" : 4.0
		},
		{
			"due_date" : 185.41,
			"id" : 39,
			"is_internal" : true,
			"processing_time" : 2.8100000000000001,
			"release_time" : 180.59,
			"tardiness_weight" : 3.0
		},
		{
			"due_date" : 188.22999999999999,
			"id" : 40,
			"is_internal" : true,
			"processing_time" : 3.25,
			"release_time" : 184.65000000000001,
			"tardiness_weight" : 4.0
		},
		{
			"due_date" : 188.62,
			"id" : 41,
			"is_internal" : true,
			"processing_time" : 3.25,
			"release_time" : 183.24000000000001,
			"tardiness_weight" : 3.0
		},
		{
			"due_date" : 189.30000000000001,
			"id" : 42,
			"is_internal" : true,
			"processing_time" : 2.04,
			"release_time" : 183.41999999999999,
			"tardiness_weight" : 4.0
		},
		{
			"due_date" : 194.56999999999999,
			"id" : 43,
			"is_internal" : true,
			"processing_time" : 3.4900000000000002,
			"release_time" : 188.63,
			"tardiness_weight" : 3.0
		},
		{
			"due_date" : 197.31,
			"id" : 44,
			"is_internal" : true,
			"processing_time" : 3.8999999999999999,
			"release_time" : 191.56999999999999,
			"tardiness_weight" : 3.0
		},
		{
			"due_date" : 199.05000000000001,
			"id" : 45,
			"is_internal" : true,
			"processing_time" : 3.1800000000000002,
			"release_time" : 194.41,
			"tardiness_weight" : 4.0
		},
		{
			"due_date" : 202.88999999999999,
			"id" : 46,
			"is_internal" : true,
			"processing_time" : 2.9700000000000002,
			"release_time" : 197.38,
			"tardiness_weight" : 3.0
		},
		{
			"due_date" : 203.52000000000001,
			"id" : 47,
			"is_internal" : true,
			"processing_time" : 3.1499999999999999,
			"release_time" : 197.93000000000001,
			"tardiness_weight" : 3.0
		},
		{
			"due_date" : 203.86000000000001,
			"id" : 48,
			"is_internal" : true,
			"processing_time" : 2.0499999999999998,
			"release_time" : 199.93000000000001,
			"tardiness_weight" : 4.0
		},
		{
			"due_date" : 216.91,
			"id" : 49,
			"is_internal" : true,
			"processing_time" : 2.29,
			"release_time" : 211.72999999999999,
			"tardiness_weight" : 4.0
		},
		{
			"due_date" : 225.19,
			"id" : 50,
			"is_internal" : true,
			"processing_time" : 3.73,
			"release_time" : 220.33000000000001,
			"tardiness_weight" : 4.0
		},
		{
			"due_date" : 7.5700000000000003,
			"id" : 51,
			"is_internal" : false,
			"processing_time" : 2.0,
			"release_time" : 5.5700000000000003,
			"tardiness_weight" : 1.0
		},
		{
			"due_date" : 20.77,
			"id" : 52,
			"is_internal" : false,
			"processing_time" : 2.0,
			"release_time" : 18.77,
			"tardiness_weight" : 1.0
		},
		{
			"due_date" : 23.239999999999998,
			"id" : 53,
			"is_internal" : false,
			"processing_time" : 2.0,
			"release_time" : 21.239999999999998,
			"tardiness_weight" : 1.0
		},
		{
			"due_date" : 34.619999999999997,
			"id" : 54,
			"is_internal" : false,
			"processing_time" : 2.0,
			"release_time" : 32.619999999999997,
			"tardiness_weight" : 1.0
		},
		{
			"due_date" : 65.329999999999998,
			"id" : 55,
			"is_internal" : false,
			"processing_time" : 2.0,
			"release_time" : 63.329999999999998,
			"tardiness_weight" : 1.0
		},
		{
			"due_date" : 69.209999999999994,
			"id" : 56,
			"is_internal" : false,
			"processing_time" : 2.0,
			"release_time" : 67.209999999999994,
			"tardiness_weight" : 1.0
		},
		{
			"due_date" : 73.280000000000001,
			"id" : 57,
			"is_internal" : false,
			"processing_time" : 2.0,
			"release_time" : 71.280000000000001,
			"tardiness_weight" : 1.0
		},
		{
			"due_date" : 77.010000000000005,
			"id" : 58,
			"is_internal" : false,
			"processing_time" : 2.0,
			"release_time" : 75.010000000000005,
			"tardiness_weight" : 1.0
		},
		{
			"due_date" : 86.909999999999997,
			"id" : 59,
			"is_internal" : false,
			"processing_time" : 2.0,
			"release_time" : 84.909999999999997,
			"tardiness_weight" : 1.0
		},
		{
			"due_date" : 94.200000000000003,
			"id" : 60,
			"is_internal" : false,
			"processing_time" : 2.0,
			"release_time" : 92.200000000000003,
			"tardiness_weight" : 1.0
		},
		{
			"due_date" : 100.51000000000001,
			"id" : 61,
			"is_internal" : false,
			"processing_time" : 2.0,
			"release_time" : 98.510000000000005,
			"tardiness_weight" : 1.0
		},
		{
			"due_date" : 100.8,
			"id" : 62,
			"is_internal" : false,
			"processing_time" : 2.0,
			"release_time" : 98.799999999999997,
			"tardiness_weight" : 1.0
		},
		{
			"due_date" : 104.40000000000001,
			"id" : 63,
			"is_internal" : false,
			"processing_time" : 2.0,
			"release_time" : 102.40000000000001,
			"tardiness_weight" : 1.0
		},
		{
			"due_date" : 111.44,
			"id" : 64,
			"is_internal" : false,
			"processing_time" : 2.0,
			"release_time" : 109.44,
			"tardiness_weight" : 1.0
		},
		{
			"due_date" : 129.94,
			"id" : 65,
			"is_internal" : false,
			"processing_time" : 2.0,
			"release_time" : 127.94,
			"tardiness_weight" : 1.0
		},
		{
			"due_date" : 140.52000000000001,
			"id" : 66,
			"is_internal" : false,
			"processing_time" : 2.0,
			"release_time" : 138.52000000000001,
			"tardiness_weight" : 1.0
		},
		{
			"due_date" : 144.22999999999999,
			"id" : 67,
			"is_internal" : false,
			"processing_time" : 2.0,
			"release_time" : 142.22999999999999,
			"tardiness_weight" : 1.0
		},
		{
			"due_date" : 151.63999999999999,
			"id" : 68,
			"is_internal" : false,
			"processing_time" : 2.0,
			"release_time" : 149.63999999999999,
			"tardiness_weight" : 1.0
		},
		{
			"due_date" : 156.66999999999999,
			"id" : 69,
			"is_internal" : false,
			"processing_time" : 2.0,
			"release_time" : 154.66999999999999,
			"tardiness_weight" : 1.0
		},
		{
			"due_date" : 177.19999999999999,
			"id" : 70,
			"is_internal" : false,
			"processing_time" : 2.0,
			"release_time" : 175.19999999999999,
			"tardiness_weight" : 1.0
		},
		{
			"due_date" : 193.43000000000001,
			"id" : 71,
			"is_internal" : false,
			"processing_time" : 2.0,
			"release_time" : 191.43000000000001,
			"tardiness_weight" : 1.0
		},
		{
			"due_date" : 224.84999999999999,
			"id" : 72,
			"is_internal" : false,
			"processing_time" : 2.0,
			"release_time" : 222.84999999999999,
			"tardiness_weight" : 1.0
		}
	],
	"time_adjacency_matrix" : 
	[
		[
			0.0,
			2.0699999999999998,
			0.51000000000000001,
			1.77,
			1.4099999999999999,
			1.6500000000000001,
			1.95,
			2.0699999999999998,
			1.1100000000000001,
			1.3500000000000001,
			0.74999999999999989,
			1.23,
			0.68999999999999995,
			1.29,
			1.1700000000000002,
			1.05,
			1.95,
			0.20999999999999999,
			0.98999999999999988,
			0.44999999999999996,
			1.95,
			2.25,
			0.63,
			0.14999999999999999,
			1.71,
			0.56999999999999995,
			0.80999999999999994,
			1.53,
			1.05,
			2.3099999999999996,
			1.23,
			0.92999999999999994,
			0.44999999999999996,
			2.1899999999999999,
			2.3099999999999996,
			0.68999999999999995,
			1.77,
			0.74999999999999989,
			0.56999999999999995,
			0.0,
			0.14999999999999999,
			1.4099999999999999,
			2.3699999999999997,
			1.77,
			1.8300000000000001,
			1.8300000000000001,
			2.0099999999999998,
			1.71,
			1.71,
			1.4099999999999999,
			2.25,
			0.63,
			0.68999999999999995,
			1.71,
			2.3099999999999996,
			1.1700000000000002,
			0.44999999999999996,
			2.1899999999999999,
			0.87,
			1.29,
			0.87,
			2.0699999999999998,
			1.05,
			1.47,
			1.5900000000000001,
			1.23,
			0.56999999999999995,
			1.23,
			0.44999999999999996,
			2.0099999999999998,
			0.98999999999999988,
			1.47,
			0.80999999999999994
		],
		[
			2.0699999999999998,
			0.0,
			1.6500000000000001,
			0.39000000000000001,
			0.74999999999999989,
			0.51000000000000001,
			0.20999999999999999,
			0.0,
			1.05,
			0.80999999999999994,
			1.4099999999999999,
			0.92999999999999994,
			1.47,
			0.87,
			0.98999999999999988,
			1.1100000000000001,
			0.20999999999999999,
			1.95,
			1.1700000000000002,
			1.71,
			0.20999999999999999,
			0.27000000000000002,
			1.53,
			2.0099999999999998,
			0.44999999999999996,
			1.5900000000000001,
			1.3500000000000001,
			0.63,
			1.1100000000000001,
			0.32999999999999996,
			0.92999999999999994,
			1.23,
			1.71,
			0.20999999999999999,
			0.32999999999999996,
			1.47,
			0.39000000000000001,
			1.4099999999999999,
			1.5900000000000001,
			2.0699999999999998,
			2.0099999999999998,
			0.74999999999999989,
			0.39000000000000001,
			0.39000000000000001,
			0.32999999999999996,
			0.32999999999999996,
			0.14999999999999999,
			0.44999999999999996,
			0.44999999999999996,
			0.74999999999999989,
			0.27000000000000002,
			1.53,
			1.47,
			0.44999999999999996,
			0.32999999999999996,
			0.98999999999999988,
			1.71,
			0.20999999999999999,
			1.29,
			0.87,
			1.29,
			0.0,
			1.1100000000000001,
			0.68999999999999995,
			0.56999999999999995,
			0.92999999999999994,
			1.5900000000000001,
			0.92999999999999994,
			1.71,
			0.14999999999999999,
			1.1700000000000002,
			0.68999999999999995,
			1.3500000000000001
		],
		[
			0.51000000000000001,
			1.6500000000000001,
			0.0,
			1.3500000000000001,
			0.98999999999999988,
			1.23,
			1.53,
			1.6500000000000001,
			0.68999999999999995,
			0.92999999999999994,
			0.32999999999999996,
			0.80999999999999994,
			0.27000000000000002,
			0.87,
			0.74999999999999989,
			0.63,
			1.53,
			0.39000000000000001,
			0.56999999999999995,
			0.14999999999999999,
			1.53,
			1.8300000000000001,
			0.20999999999999999,
			0.44999999999999996,
			1.29,
			0.14999999999999999,
			0.39000000000000001,
			1.1100000000000001,
			0.63,
			1.8899999999999999,
			0.80999999999999994,
			0.51000000000000001,
			0.14999999999999999,
			1.77,
			1.8899999999999999,
			0.27000000000000002,
			1.3500000000000001,
			0.32999999999999996,
			0.14999999999999999,
			0.51000000000000001,
			0.44999999999999996,
			0.98999999999999988,
			1.95,
			1.3500000000000001,
			1.4099999999999999,
			1.4099999999999999,
			1.5900000000000001,
			1.29,
			1.29,
			0.98999999999999988,
			1.8300000000000001,
			0.20999999999999999,
			0.27000000000000002,
			1.29,
			1.8899999999999999,
			0.74999999999999989,
			0.14999999999999999,
			1.77,
			0.44999999999999996,
			0.87,
			0.44999999999999996,
			1.6500000000000001,
			0.63,
			1.05,
			1.1700000000000002,
			0.80999999999999994,
			0.14999999999999999,
			0.80999999999999994,
			0.14999999999999999,
			1.5900000000000001,
			0.56999999999999995,
			1.05,
			0.39000000000000001
		],
		[
			1.77,
			0.39000000000000001,
			1.3500000000000001,
			0.0,
			0.44999999999999996,
			0.20999999999999999,
			0.27000000000000002,
			0.39000000000000001,
			0.74999999999999989,
			0.51000000000000001,
			1.1100000000000001,
			0.63,
			1.1700000000000002,
			0.56999999999999995,
			0.68999999999999995,
			0.80999999999999994,
			0.27000000000000002,
			1.6500000000000001,
			0.87,
			1.4099999999999999,
			0.27000000000000002,
			0.56999999999999995,
			1.23,
			1.71,
			0.14999999999999999,
			1.29,
			1.05,
			0.32999999999999996,
			0.80999999999999994,
			0.63,
			0.63,
			0.92999999999999994,
			1.4099999999999999,
			0.51000000000000001,
			0.63,
			1.1700000000000002,
			0.0,
			1.1100000000000001,
			1.29,
			1.77,
			1.71,
			0.44999999999999996,
			0.68999999999999995,
			0.0,
			0.14999999999999999,
			0.14999999999999999,
			0.32999999999999996,
			0.14999999999999999,
			0.14999999999999999,
			0.44999999999999996,
			0.56999999999999995,
			1.23,
			1.1700000000000002,
			0.14999999999999999,
			0.63,
			0.68999999999999995,
			1.4099999999999999,
			0.51000000000000001,
			0.98999999999999988,
			0.56999999999999995,
			0.98999999999999988,
			0.39000000000000001,
			0.80999999999999994,
			0.39000000000000001,
			0.27000000000000002,
			0.63,
			1.29,
			0.63,
			1.4099999999999999,
			0.32999999999999996,
			0.87,
			0.39000000000000001,
			1.05
		],
		[
			1.4099999999999999,
			0.74999999999999989,
			0.98999999999999988,
			0.44999999999999996,
			0.0,
			0.32999999999999996,
			0.63,
			0.74999999999999989,
			0.39000000000000001,
			0.14999999999999999,
			0.74999999999999989,
			0.27000000000000002,
			0.80999999999999994,
			0.20999999999999999,
			0.32999999999999996,
			0.44999999999999996,
			0.63,
			1.29,
			0.51000000000000001,
			1.05,
			0.63,
			0.92999999999999994,
			0.87,
			1.3500000000000001,
			0.39000000000000001,
			0.92999999999999994,
			0.68999999999999995,
			0.20999999999999999,
			0.44999999999999996,
			0.98999999999999988,
			0.27000000000000002,
			0.56999999999999995,
			1.05,
			0.87,
			0.98999999999999988,
			0.80999999999999994,
			0.44999999999999996,
			0.74999999999999989,
			0.92999999999999994,
			1.4099999999999999,
			1.3500000000000001,
			0.0,
			1.05,
			0.44999999999999996,
			0.51000000000000001,
			0.51000000000000001,
			0.68999999999999995,
			0.39000000000000001,
			0.39000000000000001,
			0.0,
			0.92999999999999994,
			0.87,
			0.80999999999999994,
			0.39000000000000001,
			0.98999999999999988,
			0.32999999999999996,
			1.05,
			0.87,
			0.63,
			0.20999999999999999,
			0.63,
			0.74999999999999989,
			0.44999999999999996,
			0.14999999999999999,
			0.27000000000000002,
			0.27000000000000002,
			0.92999999999999994,
			0.27000000000000002,
			1.05,
			0.68999999999999995,
			0.51000000000000001,
			0.14999999999999999,
			0.68999999999999995
		],
		[
			1.6500000000000001,
			0.51000000000000001,
			1.23,
			0.20999999999999999,
			0.32999999999999996,
			0.0,
			0.39000000000000001,
			0.51000000000000001,
			0.63,
			0.39000000000000001,
			0.98999999999999988,
			0.51000000000000001,
			1.05,
			0.44999999999999996,
			0.56999999999999995,
			0.68999999999999995,
			0.39000000000000001,
			1.53,
			0.74999999999999989,
			1.29,
			0.39000000000000001,
			0.68999999999999995,
			1.1100000000000001,
			1.5900000000000001,
			0.14999999999999999,
			1.1700000000000002,
			0.92999999999999994,
			0.20999999999999999,
			0.68999999999999995,
			0.74999999999999989,
			0.51000000000000001,
			0.80999999999999994,
			1.29,
			0.63,
			0.74999999999999989,
			1.05,
			0.20999999999999999,
			0.98999999999999988,
			1.1700000000000002,
			1.6500000000000001,
			1.5900000000000001,
			0.32999999999999996,
			0.80999999999999994,
			0.20999999999999999,
			0.27000000000000002,
			0.27000000000000002,
			0.44999999999999996,
			0.14999999999999999,
			0.14999999999999999,
			0.32999999999999996,
			0.68999999999999995,
			1.1100000000000001,
			1.05,
			0.14999999999999999,
			0.74999999999999989,
			0.56999999999999995,
			1.29,
			0.63,
			0.87,
			0.44999999999999996,
			0.87,
			0.51000000000000001,
			0.68999999999999995,
			0.27000000000000002,
			0.14999999999999999,
			0.51000000000000001,
			1.1700000000000002,
			0.51000000000000001,
			1.29,
			0.44999999999999996,
			0.74999999999999989,
			0.27000000000000002,
			0.92999999999999994
		],
		[
			1.95,
			0.20999999999999999,
			1.53,
			0.27000000000000002,
			0.63,
			0.39000000000000001,
			0.0,
			0.20999999999999999,
			0.92999999999999994,
			0.68999999999999995,
			1.29,
			0.80999999999999994,
			1.3500000000000001,
			0.74999999999999989,
			0.87,
			0.98999999999999988,
			0.0,
			1.8300000000000001,
			1.05,
			1.5900000000000001,
			0.0,
			0.39000000000000001,
			1.4099999999999999,
			1.8899999999999999,
			0.32999999999999996,
			1.47,
			1.23,
			0.51000000000000001,
			0.98999999999999988,
			0.44999999999999996,
			0.80999999999999994,
			1.1100000000000001,
			1.5900000000000001,
			0.32999999999999996,
			0.44999999999999996,
			1.3500000000000001,
			0.27000000000000002,
			1.29,
			1.47,
			1.95,
			1.8899999999999999,
			0.63,
			0.51000000000000001,
			0.27000000000000002,
			0.20999999999999999,
			0.20999999999999999,
			0.14999999999999999,
			0.32999999999999996,
			0.32999999999999996,
			0.63,
			0.39000000000000001,
			1.4099999999999999,
			1.3500000000000001,
			0.32999999999999996,
			0.44999999999999996,
			0.87,
			1.5900000000000001,
			0.32999999999999996,
			1.1700000000000002,
			0.74999999999999989,
			1.1700000000000002,
			0.20999999999999999,
			0.98999999999999988,
			0.56999999999999995,
			0.44999999999999996,
			0.80999999999999994,
			1.47,
			0.80999999999999994,
			1.5900000000000001,
			0.14999999999999999,
			1.05,
			0.56999999999999995,
			1.23
		],
		[
			2.0699999999999998,
			0.0,
			1.6500000000000001,
			0.39000000000000001,
			0.74999999999999989,
			0.51000000000000001,
			0.20999999999999999,
			0.0,
			1.05,
			0.80999999999999994,
			1.4099999999999999,
			0.92999999999999994,
			1.47,
			0.87,
			0.98999999999999988,
			1.1100000000000001,
			0.20999999999999999,
			1.95,
			1.1700000000000002,
			1.71,
			0.20999999999999999,
			0.27000000000000002,
			1.53,
			2.0099999999999998,
			0.44999999999999996,
			1.5900000000000001,
			1.3500000000000001,
			0.63,
			1.1100000000000001,
			0.32999999999999996,
			0.92999999999999994,
			1.23,
			1.71,
			0.20999999999999999,
			0.32999999999999996,
			1.47,
			0.39000000000000001,
			1.4099999999999999,
			1.5900000000000001,
			2.0699999999999998,
			2.0099999999999998,
			0.74999999999999989,
			0.39000000000000001,
			0.39000000000000001,
			0.32999999999999996,
			0.32999999999999996,
			0.14999999999999999,
			0.44999999999999996,
			0.44999999999999996,
			0.74999999999999989,
			0.27000000000000002,
			1.53,
			1.47,
			0.44999999999999996,
			0.32999999999999996,
			0.98999999999999988,
			1.71,
			0.20999999999999999,
			1.29,
			0.87,
			1.29,
			0.0,
			1.1100000000000001,
			0.68999999999999995,
			0.56999999999999995,
			0.92999999999999994,
			1.5900000000000001,
			0.92999999999999994,
			1.71,
			0.14999999999999999,
			1.1700000000000002,
			0.68999999999999995,
			1.3500000000000001
		],
		[
			1.1100000000000001,
			1.05,
			0.68999999999999995,
			0.74999999999999989,
			0.39000000000000001,
			0.63,
			0.92999999999999994,
			1.05,
			0.0,
			0.32999999999999996,
			0.44999999999999996,
			0.20999999999999999,
			0.51000000000000001,
			0.27000000000000002,
			0.14999999999999999,
			0.14999999999999999,
			0.92999999999999994,
			0.98999999999999988,
			0.20999999999999999,
			0.74999999999999989,
			0.92999999999999994,
			1.23,
			0.56999999999999995,
			1.05,
			0.68999999999999995,
			0.63,
			0.39000000000000001,
			0.51000000000000001,
			0.14999999999999999,
			1.29,
			0.20999999999999999,
			0.27000000000000002,
			0.74999999999999989,
			1.1700000000000002,
			1.29,
			0.51000000000000001,
			0.74999999999999989,
			0.44999999999999996,
			0.63,
			1.1100000000000001,
			1.05,
			0.39000000000000001,
			1.3500000000000001,
			0.74999999999999989,
			0.80999999999999994,
			0.80999999999999994,
			0.98999999999999988,
			0.68999999999999995,
			0.68999999999999995,
			0.39000000000000001,
			1.23,
			0.56999999999999995,
			0.51000000000000001,
			0.68999999999999995,
			1.29,
			0.14999999999999999,
			0.74999999999999989,
			1.1700000000000002,
			0.32999999999999996,
			0.27000000000000002,
			0.32999999999999996,
			1.05,
			0.14999999999999999,
			0.44999999999999996,
			0.56999999999999995,
			0.20999999999999999,
			0.63,
			0.20999999999999999,
			0.74999999999999989,
			0.98999999999999988,
			0.20999999999999999,
			0.44999999999999996,
			0.39000000000000001
		],
		[
			1.3500000000000001,
			0.80999999999999994,
			0.92999999999999994,
			0.51000000000000001,
			0.14999999999999999,
			0.39000000000000001,
			0.68999999999999995,
			0.80999999999999994,
			0.32999999999999996,
			0.0,
			0.68999999999999995,
			0.20999999999999999,
			0.74999999999999989,
			0.14999999999999999,
			0.27000000000000002,
			0.39000000000000001,
			0.68999999999999995,
			1.23,
			0.44999999999999996,
			0.98999999999999988,
			0.68999999999999995,
			0.98999999999999988,
			0.80999999999999994,
			1.29,
			0.44999999999999996,
			0.87,
			0.63,
			0.27000000000000002,
			0.39000000000000001,
			1.05,
			0.20999999999999999,
			0.51000000000000001,
			0.98999999999999988,
			0.92999999999999994,
			1.05,
			0.74999999999999989,
			0.51000000000000001,
			0.68999999999999995,
			0.87,
			1.3500000000000001,
			1.29,
			0.14999999999999999,
			1.1100000000000001,
			0.51000000000000001,
			0.56999999999999995,
			0.56999999999999995,
			0.74999999999999989,
			0.44999999999999996,
			0.44999999999999996,
			0.14999999999999999,
			0.98999999999999988,
			0.80999999999999994,
			0.74999999999999989,
			0.44999999999999996,
			1.05,
			0.27000000000000002,
			0.98999999999999988,
			0.92999999999999994,
			0.56999999999999995,
			0.14999999999999999,
			0.56999999999999995,
			0.80999999999999994,
			0.39000000000000001,
			0.20999999999999999,
			0.32999999999999996,
			0.20999999999999999,
			0.87,
			0.20999999999999999,
			0.98999999999999988,
			0.74999999999999989,
			0.44999999999999996,
			0.20999999999999999,
			0.63
		],
		[
			0.74999999999999989,
			1.4099999999999999,
			0.32999999999999996,
			1.1100000000000001,
			0.74999999999999989,
			0.98999999999999988,
			1.29,
			1.4099999999999999,
			0.44999999999999996,
			0.68999999999999995,
			0.0,
			0.56999999999999995,
			0.14999999999999999,
			0.63,
			0.51000000000000001,
			0.39000000000000001,
			1.29,
			0.63,
			0.32999999999999996,
			0.39000000000000001,
			1.29,
			1.5900000000000001,
			0.20999999999999999,
			0.68999999999999995,
			1.05,
			0.27000000000000002,
			0.14999999999999999,
			0.87,
			0.39000000000000001,
			1.6500000000000001,
			0.56999999999999995,
			0.27000000000000002,
			0.39000000000000001,
			1.53,
			1.6500000000000001,
			0.14999999999999999,
			1.1100000000000001,
			0.0,
			0.27000000000000002,
			0.74999999999999989,
			0.68999999999999995,
			0.74999999999999989,
			1.71,
			1.1100000000000001,
			1.1700000000000002,
			1.1700000000000002,
			1.3500000000000001,
			1.05,
			1.05,
			0.74999999999999989,
			1.5900000000000001,
			0.20999999999999999,
			0.14999999999999999,
			1.05,
			1.6500000000000001,
			0.51000000000000001,
			0.39000000000000001,
			1.53,
			0.20999999999999999,
			0.63,
			0.20999999999999999,
			1.4099999999999999,
			0.39000000000000001,
			0.80999999999999994,
			0.92999999999999994,
			0.56999999999999995,
			0.27000000000000002,
			0.56999999999999995,
			0.39000000000000001,
			1.3500000000000001,
			0.32999999999999996,
			0.80999999999999994,
			0.14999999999999999
		],
		[
			1.23,
			0.92999999999999994,
			0.80999999999999994,
			0.63,
			0.27000000000000002,
			0.51000000000000001,
			0.80999999999999994,
			0.92999999999999994,
			0.20999999999999999,
			0.20999999999999999,
			0.56999999999999995,
			0.0,
			0.63,
			0.14999999999999999,
			0.14999999999999999,
			0.27000000000000002,
			0.80999999999999994,
			1.1100000000000001,
			0.32999999999999996,
			0.87,
			0.80999999999999994,
			1.1100000000000001,
			0.68999999999999995,
			1.1700000000000002,
			0.56999999999999995,
			0.74999999999999989,
			0.51000000000000001,
			0.39000000000000001,
			0.27000000000000002,
			1.1700000000000002,
			0.0,
			0.39000000000000001,
			0.87,
			1.05,
			1.1700000000000002,
			0.63,
			0.63,
			0.56999999999999995,
			0.74999999999999989,
			1.23,
			1.1700000000000002,
			0.27000000000000002,
			1.23,
			0.63,
			0.68999999999999995,
			0.68999999999999995,
			0.87,
			0.56999999999999995,
			0.56999999999999995,
			0.27000000000000002,
			1.1100000000000001,
			0.68999999999999995,
			0.63,
			0.56999999999999995,
			1.1700000000000002,
			0.14999999999999999,
			0.87,
			1.05,
			0.44999999999999996,
			0.14999999999999999,
			0.44999999999999996,
			0.92999999999999994,
			0.27000000000000002,
			0.32999999999999996,
			0.44999999999999996,
			0.0,
			0.74999999999999989,
			0.0,
			0.87,
			0.87,
			0.32999999999999996,
			0.32999999999999996,
			0.51000000000000001
		],
		[
			0.68999999999999995,
			1.47,
			0.27000000000000002,
			1.1700000000000002,
			0.80999999999999994,
			1.05,
			1.3500000000000001,
			1.47,
			0.51000000000000001,
			0.74999999999999989,
			0.14999999999999999,
			0.63,
			0.0,
			0.68999999999999995,
			0.56999999999999995,
			0.44999999999999996,
			1.3500000000000001,
			0.56999999999999995,
			0.39000000000000001,
			0.32999999999999996,
			1.3500000000000001,
			1.6500000000000001,
			0.14999999999999999,
			0.63,
			1.1100000000000001,
			0.20999999999999999,
			0.20999999999999999,
			0.92999999999999994,
			0.44999999999999996,
			1.71,
			0.63,
			0.32999999999999996,
			0.32999999999999996,
			1.5900000000000001,
			1.71,
			0.0,
			1.1700000000000002,
			0.14999999999999999,
			0.20999999999999999,
			0.68999999999999995,
			0.63,
			0.80999999999999994,
			1.77,
			1.1700000000000002,
			1.23,
			1.23,
			1.4099999999999999,
			1.1100000000000001,
			1.1100000000000001,
			0.80999999999999994,
			1.6500000000000001,
			0.14999999999999999,
			0.0,
			1.1100000000000001,
			1.71,
			0.56999999999999995,
			0.32999999999999996,
			1.5900000000000001,
			0.27000000000000002,
			0.68999999999999995,
			0.27000000000000002,
			1.47,
			0.44999999999999996,
			0.87,
			0.98999999999999988,
			0.63,
			0.20999999999999999,
			0.63,
			0.32999999999999996,
			1.4099999999999999,
			0.39000000000000001,
			0.87,
			0.20999999999999999
		],
		[
			1.29,
			0.87,
			0.87,
			0.56999999999999995,
			0.20999999999999999,
			0.44999999999999996,
			0.74999999999999989,
			0.87,
			0.27000000000000002,
			0.14999999999999999,
			0.63,
			0.14999999999999999,
			0.68999999999999995,
			0.0,
			0.20999999999999999,
			0.32999999999999996,
			0.74999999999999989,
			1.1700000000000002,
			0.39000000000000001,
			0.92999999999999994,
			0.74999999999999989,
			1.05,
			0.74999999999999989,
			1.23,
			0.51000000000000001,
			0.80999999999999994,
			0.56999999999999995,
			0.32999999999999996,
			0.32999999999999996,
			1.1100000000000001,
			0.14999999999999999,
			0.44999999999999996,
			0.92999999999999994,
			0.98999999999999988,
			1.1100000000000001,
			0.68999999999999995,
			0.56999999999999995,
			0.63,
			0.80999999999999994,
			1.29,
			1.23,
			0.20999999999999999,
			1.1700000000000002,
			0.56999999999999995,
			0.63,
			0.63,
			0.80999999999999994,
			0.51000000000000001,
			0.51000000000000001,
			0.20999999999999999,
			1.05,
			0.74999999999999989,
			0.68999999999999995,
			0.51000000000000001,
			1.1100000000000001,
			0.20999999999999999,
			0.92999999999999994,
			0.98999999999999988,
			0.51000000000000001,
			0.0,
			0.51000000000000001,
			0.87,
			0.32999999999999996,
			0.27000000000000002,
			0.39000000000000001,
			0.14999999999999999,
			0.80999999999999994,
			0.14999999999999999,
			0.92999999999999994,
			0.80999999999999994,
			0.39000000000000001,
			0.27000000000000002,
			0.56999999999999995
		],
		[
			1.1700000000000002,
			0.98999999999999988,
			0.74999999999999989,
			0.68999999999999995,
			0.32999999999999996,
			0.56999999999999995,
			0.87,
			0.98999999999999988,
			0.14999999999999999,
			0.27000000000000002,
			0.51000000000000001,
			0.14999999999999999,
			0.56999999999999995,
			0.20999999999999999,
			0.0,
			0.20999999999999999,
			0.87,
			1.05,
			0.27000000000000002,
			0.80999999999999994,
			0.87,
			1.1700000000000002,
			0.63,
			1.1100000000000001,
			0.63,
			0.68999999999999995,
			0.44999999999999996,
			0.44999999999999996,
			0.20999999999999999,
			1.23,
			0.14999999999999999,
			0.32999999999999996,
			0.80999999999999994,
			1.1100000000000001,
			1.23,
			0.56999999999999995,
			0.68999999999999995,
			0.51000000000000001,
			0.68999999999999995,
			1.1700000000000002,
			1.1100000000000001,
			0.32999999999999996,
			1.29,
			0.68999999999999995,
			0.74999999999999989,
			0.74999999999999989,
			0.92999999999999994,
			0.63,
			0.63,
			0.32999999999999996,
			1.1700000000000002,
			0.63,
			0.56999999999999995,
			0.63,
			1.23,
			0.0,
			0.80999999999999994,
			1.1100000000000001,
			0.39000000000000001,
			0.20999999999999999,
			0.39000000000000001,
			0.98999999999999988,
			0.20999999999999999,
			0.39000000000000001,
			0.51000000000000001,
			0.14999999999999999,
			0.68999999999999995,
			0.14999999999999999,
			0.80999999999999994,
			0.92999999999999994,
			0.27000000000000002,
			0.39000000000000001,
			0.44999999999999996
		],
		[
			1.05,
			1.1100000000000001,
			0.63,
			0.80999999999999994,
			0.44999999999999996,
			0.68999999999999995,
			0.98999999999999988,
			1.1100000000000001,
			0.14999999999999999,
			0.39000000000000001,
			0.39000000000000001,
			0.27000000000000002,
			0.44999999999999996,
			0.32999999999999996,
			0.20999999999999999,
			0.0,
			0.98999999999999988,
			0.92999999999999994,
			0.14999999999999999,
			0.68999999999999995,
			0.98999999999999988,
			1.29,
			0.51000000000000001,
			0.98999999999999988,
			0.74999999999999989,
			0.56999999999999995,
			0.32999999999999996,
			0.56999999999999995,
			0.0,
			1.3500000000000001,
			0.27000000000000002,
			0.20999999999999999,
			0.68999999999999995,
			1.23,
			1.3500000000000001,
			0.44999999999999996,
			0.80999999999999994,
			0.39000000000000001,
			0.56999999999999995,
			1.05,
			0.98999999999999988,
			0.44999999999999996,
			1.4099999999999999,
			0.80999999999999994,
			0.87,
			0.87,
			1.05,
			0.74999999999999989,
			0.74999999999999989,
			0.44999999999999996,
			1.29,
			0.51000000000000001,
			0.44999999999999996,
			0.74999999999999989,
			1.3500000000000001,
			0.20999999999999999,
			0.68999999999999995,
			1.23,
			0.27000000000000002,
			0.32999999999999996,
			0.27000000000000002,
			1.1100000000000001,
			0.0,
			0.51000000000000001,
			0.63,
			0.27000000000000002,
			0.56999999999999995,
			0.27000000000000002,
			0.68999999999999995,
			1.05,
			0.14999999999999999,
			0.51000000000000001,
			0.32999999999999996
		],
		[
			1.95,
			0.20999999999999999,
			1.53,
			0.27000000000000002,
			0.63,
			0.39000000000000001,
			0.0,
			0.20999999999999999,
			0.92999999999999994,
			0.68999999999999995,
			1.29,
			0.80999999999999994,
			1.3500000000000001,
			0.74999999999999989,
			0.87,
			0.98999999999999988,
			0.0,
			1.8300000000000001,
			1.05,
			1.5900000000000001,
			0.0,
			0.39000000000000001,
			1.4099999999999999,
			1.8899999999999999,
			0.32999999999999996,
			1.47,
			1.23,
			0.51000000000000001,
			0.98999999999999988,
			0.44999999999999996,
			0.80999999999999994,
			1.1100000000000001,
			1.5900000000000001,
			0.32999999999999996,
			0.44999999999999996,
			1.3500000000000001,
			0.27000000000000002,
			1.29,
			1.47,
			1.95,
			1.8899999999999999,
			0.63,
			0.51000000000000001,
			0.27000000000000002,
			0.20999999999999999,
			0.20999999999999999,
			0.14999999999999999,
			0.32999999999999996,
			0.32999999999999996,
			0.63,
			0.39000000000000001,
			1.4099999999999999,
			1.3500000000000001,
			0.32999999999999996,
			0.44999999999999996,
			0.87,
			1.5900000000000001,
			0.32999999999999996,
			1.1700000000000002,
			0.74999999999999989,
			1.1700000000000002,
			0.20999999999999999,
			0.98999999999999988,
			0.56999999999999995,
			0.44999999999999996,
			0.80999999999999994,
			1.47,
			0.80999999999999994,
			1.5900000000000001,
			0.14999999999999999,
			1.05,
			0.56999999999999995,
			1.23
		],
		[
			0.20999999999999999,
			1.95,
			0.39000000000000001,
			1.6500000000000001,
			1.29,
			1.53,
			1.8300000000000001,
			1.95,
			0.98999999999999988,
			1.23,
			0.63,
			1.1100000000000001,
			0.56999999999999995,
			1.1700000000000002,
			1.05,
			0.92999999999999994,
			1.8300000000000001,
			0.0,
			0.87,
			0.32999999999999996,
			1.8300000000000001,
			2.1299999999999999,
			0.51000000000000001,
			0.14999999999999999,
			1.5900000000000001,
			0.44999999999999996,
			0.68999999999999995,
			1.4099999999999999,
			0.92999999999999994,
			2.1899999999999999,
			1.1100000000000001,
			0.80999999999999994,
			0.32999999999999996,
			2.0699999999999998,
			2.1899999999999999,
			0.56999999999999995,
			1.6500000000000001,
			0.63,
			0.44999999999999996,
			0.20999999999999999,
			0.14999999999999999,
			1.29,
			2.25,
			1.6500000000000001,
			1.71,
			1.71,
			1.8899999999999999,
			1.5900000000000001,
			1.5900000000000001,
			1.29,
			2.1299999999999999,
			0.51000000000000001,
