{
	"instance_setting" : 
	{
		"average_number_of_tasks_executed_by_yc_per_hour" : 18,
		"external_task_ratio" : 0.5,
		"instance_id" : 73,
		"number_of_external_tasks" : 36,
		"number_of_internal_tasks" : 36,
		"number_of_tasks" : 72,
		"planning_window_length_in_hours" : 4.0
	},
	"offline_optimal" : 989.9100000000002,
	"offline_solution_computation_time_in_seconds" : 1.2215076,
	"offline_solution_task_sequence" : 
	[
		0,
		2,
		4,
		6,
		5,
		3,
		1,
		7,
		41,
		38,
		9,
		10,
		11,
		8,
		40,
		45,
		42,
		44,
		37,
		39,
		43,
		12,
		46,
		47,
		13,
		48,
		49,
		14,
		15,
		51,
		16,
		17,
		50,
		52,
		53,
		54,
		18,
		56,
		57,
		19,
		20,
		55,
		21,
		58,
		59,
		60,
		61,
		23,
		24,
		22,
		25,
		26,
		27,
		28,
		30,
		29,
		64,
		62,
		65,
		63,
		31,
		32,
		66,
		33,
		70,
		67,
		68,
		69,
		34,
		71,
		72,
		35,
		36
	],
	"tasks" : 
	[
		{
			"due_date" : 0.0,
			"id" : 0,
			"is_internal" : true,
			"processing_time" : 0.0,
			"release_time" : 0.0,
			"tardiness_weight" : 0.0
		},
		{
			"due_date" : 2.0800000000000001,
			"id" : 1,
			"is_internal" : true,
			"processing_time" : 2.9900000000000002,
			"release_time" : 0.0,
			"tardiness_weight" : 4.0
		},
		{
			"due_date" : 3.73,
			"id" : 2,
			"is_internal" : true,
			"processing_time" : 2.3900000000000001,
			"release_time" : 0.0,
			"tardiness_weight" : 4.0
		},
		{
			"due_date" : 4.7400000000000002,
			"id" : 3,
			"is_internal" : true,
			"processing_time" : 3.2200000000000002,
			"release_time" : 0.0,
			"tardiness_weight" : 4.0
		},
		{
			"due_date" : 6.5300000000000002,
			"id" : 4,
			"is_internal" : true,
			"processing_time" : 3.8700000000000001,
			"release_time" : 1.75,
			"tardiness_weight" : 4.0
		},
		{
			"due_date" : 8.1099999999999994,
			"id" : 5,
			"is_internal" : true,
			"processing_time" : 3.5800000000000001,
			"release_time" : 4.25,
			"tardiness_weight" : 4.0
		},
		{
			"due_date" : 8.5999999999999996,
			"id" : 6,
			"is_internal" : true,
			"processing_time" : 3.0299999999999998,
			"release_time" : 2.8900000000000001,
			"tardiness_weight" : 3.0
		},
		{
			"due_date" : 10.06,
			"id" : 7,
			"is_internal" : true,
			"processing_time" : 3.8700000000000001,
			"release_time" : 5.0499999999999998,
			"tardiness_weight" : 3.0
		},
		{
			"due_date" : 26.690000000000001,
			"id" : 8,
			"is_internal" : true,
			"processing_time" : 3.1000000000000001,
			"release_time" : 20.84,
			"tardiness_weight" : 3.0
		},
		{
			"due_date" : 32.990000000000002,
			"id" : 9,
			"is_internal" : true,
			"processing_time" : 2.23,
			"release_time" : 28.140000000000001,
			"tardiness_weight" : 3.0
		},
		{
			"due_date" : 36.039999999999999,
			"id" : 10,
			"is_internal" : true,
			"processing_time" : 3.4700000000000002,
			"release_time" : 30.469999999999999,
			"tardiness_weight" : 4.0
		},
		{
			"due_date" : 38.759999999999998,
			"id" : 11,
			"is_internal" : true,
			"processing_time" : 2.2400000000000002,
			"release_time" : 35.649999999999999,
			"tardiness_weight" : 3.0
		},
		{
			"due_date" : 63.060000000000002,
			"id" : 12,
			"is_internal" : true,
			"processing_time" : 2.1400000000000001,
			"release_time" : 60.539999999999999,
			"tardiness_weight" : 3.0
		},
		{
			"due_date" : 71.780000000000001,
			"id" : 13,
			"is_internal" : true,
			"processing_time" : 2.1400000000000001,
			"release_time" : 69.180000000000007,
			"tardiness_weight" : 3.0
		},
		{
			"due_date" : 84.420000000000002,
			"id" : 14,
			"is_internal" : true,
			"processing_time" : 3.3900000000000001,
			"release_time" : 80.609999999999999,
			"tardiness_weight" : 4.0
		},
		{
			"due_date" : 86.569999999999993,
			"id" : 15,
			"is_internal" : true,
			"processing_time" : 2.3999999999999999,
			"release_time" : 82.879999999999995,
			"tardiness_weight" : 3.0
		},
		{
			"due_date" : 95.180000000000007,
			"id" : 16,
			"is_internal" : true,
			"processing_time" : 3.8700000000000001,
			"release_time" : 90.599999999999994,
			"tardiness_weight" : 4.0
		},
		{
			"due_date" : 97.349999999999994,
			"id" : 17,
			"is_internal" : true,
			"processing_time" : 2.9500000000000002,
			"release_time" : 92.609999999999999,
			"tardiness_weight" : 3.0
		},
		{
			"due_date" : 112.92,
			"id" : 18,
			"is_internal" : true,
			"processing_time" : 3.8399999999999999,
			"release_time" : 108.48,
			"tardiness_weight" : 4.0
		},
		{
			"due_date" : 122.72,
			"id" : 19,
			"is_internal" : true,
			"processing_time" : 3.9700000000000002,
			"release_time" : 116.88,
			"tardiness_weight" : 4.0
		},
		{
			"due_date" : 123.69,
			"id" : 20,
			"is_internal" : true,
			"processing_time" : 3.3399999999999999,
			"release_time" : 118.63,
			"tardiness_weight" : 3.0
		},
		{
			"due_date" : 126.95,
			"id" : 21,
			"is_internal" : true,
			"processing_time" : 2.9500000000000002,
			"release_time" : 122.3,
			"tardiness_weight" : 3.0
		},
		{
			"due_date" : 151.19999999999999,
			"id" : 22,
			"is_internal" : true,
			"processing_time" : 3.3500000000000001,
			"release_time" : 146.31,
			"tardiness_weight" : 3.0
		},
		{
			"due_date" : 151.49000000000001,
			"id" : 23,
			"is_internal" : true,
			"processing_time" : 2.9500000000000002,
			"release_time" : 147.16999999999999,
			"tardiness_weight" : 3.0
		},
		{
			"due_date" : 153.15000000000001,
			"id" : 24,
			"is_internal" : true,
			"processing_time" : 2.5600000000000001,
			"release_time" : 148.96000000000001,
			"tardiness_weight" : 3.0
		},
		{
			"due_date" : 159.08000000000001,
			"id" : 25,
			"is_internal" : true,
			"processing_time" : 2.71,
			"release_time" : 155.31,
			"tardiness_weight" : 4.0
		},
		{
			"due_date" : 162.63999999999999,
			"id" : 26,
			"is_internal" : true,
			"processing_time" : 3.1299999999999999,
			"release_time" : 156.91,
			"tardiness_weight" : 4.0
		},
		{
			"due_date" : 168.21000000000001,
			"id" : 27,
			"is_internal" : true,
			"processing_time" : 2.8399999999999999,
			"release_time" : 163.58000000000001,
			"tardiness_weight" : 4.0
		},
		{
			"due_date" : 171.15000000000001,
			"id" : 28,
			"is_internal" : true,
			"processing_time" : 3.6499999999999999,
			"release_time" : 167.25999999999999,
			"tardiness_weight" : 4.0
		},
		{
			"due_date" : 175.08000000000001,
			"id" : 29,
			"is_internal" : true,
			"processing_time" : 3.3599999999999999,
			"release_time" : 171.18000000000001,
			"tardiness_weight" : 3.0
		},
		{
			"due_date" : 175.72999999999999,
			"id" : 30,
			"is_internal" : true,
			"processing_time" : 3.0,
			"release_time" : 170.88999999999999,
			"tardiness_weight" : 4.0
		},
		{
			"due_date" : 193.97,
			"id" : 31,
			"is_internal" : true,
			"processing_time" : 2.4199999999999999,
			"release_time" : 189.50999999999999,
			"tardiness_weight" : 4.0
		},
		{
			"due_date" : 195.09,
			"id" : 32,
			"is_internal" : true,
			"processing_time" : 2.5499999999999998,
			"release_time" : 191.78999999999999,
			"tardiness_weight" : 4.0
		},
		{
			"due_date" : 203.65000000000001,
			"id" : 33,
			"is_internal" : true,
			"processing_time" : 2.4500000000000002,
			"release_time" : 200.47,
			"tardiness_weight" : 3.0
		},
		{
			"due_date" : 216.03,
			"id" : 34,
			"is_internal" : true,
			"processing_time" : 3.1099999999999999,
			"release_time" : 210.94,
			"tardiness_weight" : 3.0
		},
		{
			"due_date" : 226.81,
			"id" : 35,
			"is_internal" : true,
			"processing_time" : 2.8300000000000001,
			"release_time" : 222.72999999999999,
			"tardiness_weight" : 3.0
		},
		{
			"due_date" : 230.90000000000001,
			"id" : 36,
			"is_internal" : true,
			"processing_time" : 2.7400000000000002,
			"release_time" : 225.22999999999999,
			"tardiness_weight" : 4.0
		},
		{
			"due_date" : 8.1799999999999997,
			"id" : 37,
			"is_internal" : false,
			"processing_time" : 2.0,
			"release_time" : 6.1799999999999997,
			"tardiness_weight" : 1.0
		},
		{
			"due_date" : 10.76,
			"id" : 38,
			"is_internal" : false,
			"processing_time" : 2.0,
			"release_time" : 8.7599999999999998,
			"tardiness_weight" : 1.0
		},
		{
			"due_date" : 12.789999999999999,
			"id" : 39,
			"is_internal" : false,
			"processing_time" : 2.0,
			"release_time" : 10.789999999999999,
			"tardiness_weight" : 1.0
		},
		{
			"due_date" : 14.119999999999999,
			"id" : 40,
			"is_internal" : false,
			"processing_time" : 2.0,
			"release_time" : 12.119999999999999,
			"tardiness_weight" : 1.0
		},
		{
			"due_date" : 15.640000000000001,
			"id" : 41,
			"is_internal" : false,
			"processing_time" : 2.0,
			"release_time" : 13.640000000000001,
			"tardiness_weight" : 1.0
		},
		{
			"due_date" : 17.149999999999999,
			"id" : 42,
			"is_internal" : false,
			"processing_time" : 2.0,
			"release_time" : 15.15,
			"tardiness_weight" : 1.0
		},
		{
			"due_date" : 21.539999999999999,
			"id" : 43,
			"is_internal" : false,
			"processing_time" : 2.0,
			"release_time" : 19.539999999999999,
			"tardiness_weight" : 1.0
		},
		{
			"due_date" : 24.82,
			"id" : 44,
			"is_internal" : false,
			"processing_time" : 2.0,
			"release_time" : 22.82,
			"tardiness_weight" : 1.0
		},
		{
			"due_date" : 27.300000000000001,
			"id" : 45,
			"is_internal" : false,
			"processing_time" : 2.0,
			"release_time" : 25.300000000000001,
			"tardiness_weight" : 1.0
		},
		{
			"due_date" : 52.060000000000002,
			"id" : 46,
			"is_internal" : false,
			"processing_time" : 2.0,
			"release_time" : 50.060000000000002,
			"tardiness_weight" : 1.0
		},
		{
			"due_date" : 64.509999999999991,
			"id" : 47,
			"is_internal" : false,
			"processing_time" : 2.0,
			"release_time" : 62.509999999999998,
			"tardiness_weight" : 1.0
		},
		{
			"due_date" : 65.409999999999997,
			"id" : 48,
			"is_internal" : false,
			"processing_time" : 2.0,
			"release_time" : 63.409999999999997,
			"tardiness_weight" : 1.0
		},
		{
			"due_date" : 74.319999999999993,
			"id" : 49,
			"is_internal" : false,
			"processing_time" : 2.0,
			"release_time" : 72.319999999999993,
			"tardiness_weight" : 1.0
		},
		{
			"due_date" : 82.790000000000006,
			"id" : 50,
			"is_internal" : false,
			"processing_time" : 2.0,
			"release_time" : 80.790000000000006,
			"tardiness_weight" : 1.0
		},
		{
			"due_date" : 84.480000000000004,
			"id" : 51,
			"is_internal" : false,
			"processing_time" : 2.0,
			"release_time" : 82.480000000000004,
			"tardiness_weight" : 1.0
		},
		{
			"due_date" : 91.400000000000006,
			"id" : 52,
			"is_internal" : false,
			"processing_time" : 2.0,
			"release_time" : 89.400000000000006,
			"tardiness_weight" : 1.0
		},
		{
			"due_date" : 99.579999999999998,
			"id" : 53,
			"is_internal" : false,
			"processing_time" : 2.0,
			"release_time" : 97.579999999999998,
			"tardiness_weight" : 1.0
		},
		{
			"due_date" : 107.62,
			"id" : 54,
			"is_internal" : false,
			"processing_time" : 2.0,
			"release_time" : 105.62,
			"tardiness_weight" : 1.0
		},
		{
			"due_date" : 112.88,
			"id" : 55,
			"is_internal" : false,
			"processing_time" : 2.0,
			"release_time" : 110.88,
			"tardiness_weight" : 1.0
		},
		{
			"due_date" : 114.14,
			"id" : 56,
			"is_internal" : false,
			"processing_time" : 2.0,
			"release_time" : 112.14,
			"tardiness_weight" : 1.0
		},
		{
			"due_date" : 114.73999999999999,
			"id" : 57,
			"is_internal" : false,
			"processing_time" : 2.0,
			"release_time" : 112.73999999999999,
			"tardiness_weight" : 1.0
		},
		{
			"due_date" : 122.03,
			"id" : 58,
			"is_internal" : false,
			"processing_time" : 2.0,
			"release_time" : 120.03,
			"tardiness_weight" : 1.0
		},
		{
			"due_date" : 127.02,
			"id" : 59,
			"is_internal" : false,
			"processing_time" : 2.0,
			"release_time" : 125.02,
			"tardiness_weight" : 1.0
		},
		{
			"due_date" : 134.16,
			"id" : 60,
			"is_internal" : false,
			"processing_time" : 2.0,
			"release_time" : 132.16,
			"tardiness_weight" : 1.0
		},
		{
			"due_date" : 142.46000000000001,
			"id" : 61,
			"is_internal" : false,
			"processing_time" : 2.0,
			"release_time" : 140.46000000000001,
			"tardiness_weight" : 1.0
		},
		{
			"due_date" : 151.61000000000001,
			"id" : 62,
			"is_internal" : false,
			"processing_time" : 2.0,
			"release_time" : 149.61000000000001,
			"tardiness_weight" : 1.0
		},
		{
			"due_date" : 152.30000000000001,
			"id" : 63,
			"is_internal" : false,
			"processing_time" : 2.0,
			"release_time" : 150.30000000000001,
			"tardiness_weight" : 1.0
		},
		{
			"due_date" : 163.47,
			"id" : 64,
			"is_internal" : false,
			"processing_time" : 2.0,
			"release_time" : 161.47,
			"tardiness_weight" : 1.0
		},
		{
			"due_date" : 169.00999999999999,
			"id" : 65,
			"is_internal" : false,
			"processing_time" : 2.0,
			"release_time" : 167.00999999999999,
			"tardiness_weight" : 1.0
		},
		{
			"due_date" : 172.49000000000001,
			"id" : 66,
			"is_internal" : false,
			"processing_time" : 2.0,
			"release_time" : 170.49000000000001,
			"tardiness_weight" : 1.0
		},
		{
			"due_date" : 200.69999999999999,
			"id" : 67,
			"is_internal" : false,
			"processing_time" : 2.0,
			"release_time" : 198.69999999999999,
			"tardiness_weight" : 1.0
		},
		{
			"due_date" : 202.13999999999999,
			"id" : 68,
			"is_internal" : false,
			"processing_time" : 2.0,
			"release_time" : 200.13999999999999,
			"tardiness_weight" : 1.0
		},
		{
			"due_date" : 203.74000000000001,
			"id" : 69,
			"is_internal" : false,
			"processing_time" : 2.0,
			"release_time" : 201.74000000000001,
			"tardiness_weight" : 1.0
		},
		{
			"due_date" : 204.63999999999999,
			"id" : 70,
			"is_internal" : false,
			"processing_time" : 2.0,
			"release_time" : 202.63999999999999,
			"tardiness_weight" : 1.0
		},
		{
			"due_date" : 210.59999999999999,
			"id" : 71,
			"is_internal" : false,
			"processing_time" : 2.0,
			"release_time" : 208.59999999999999,
			"tardiness_weight" : 1.0
		},
		{
			"due_date" : 214.78,
			"id" : 72,
			"is_internal" : false,
			"processing_time" : 2.0,
			"release_time" : 212.78,
			"tardiness_weight" : 1.0
		}
	],
	"time_adjacency_matrix" : 
	[
		[
			0.0,
			1.8300000000000001,
			0.32999999999999996,
			1.6500000000000001,
			0.51000000000000001,
			1.3500000000000001,
			1.05,
			2.25,
			0.20999999999999999,
			2.4299999999999997,
			0.63,
			0.98999999999999988,
			2.4299999999999997,
			1.5900000000000001,
			1.29,
			0.74999999999999989,
			0.56999999999999995,
			0.14999999999999999,
			0.63,
			1.23,
			0.0,
			1.8899999999999999,
			0.32999999999999996,
			2.0699999999999998,
			2.3699999999999997,
			0.56999999999999995,
			1.47,
			1.77,
			1.5900000000000001,
			0.92999999999999994,
			2.3699999999999997,
			1.5900000000000001,
			1.5900000000000001,
			2.0099999999999998,
			1.05,
			0.74999999999999989,
			1.8899999999999999,
			1.1100000000000001,
			2.1899999999999999,
			1.47,
			0.56999999999999995,
			2.25,
			0.74999999999999989,
			2.3099999999999996,
			0.74999999999999989,
			0.56999999999999995,
			2.4299999999999997,
			0.92999999999999994,
			0.39000000000000001,
			2.3099999999999996,
			1.1100000000000001,
			0.56999999999999995,
			1.1100000000000001,
			1.47,
			1.05,
			0.39000000000000001,
			0.80999999999999994,
			0.98999999999999988,
			1.71,
			0.74999999999999989,
			0.56999999999999995,
			1.47,
			0.44999999999999996,
			0.0,
			0.98999999999999988,
			0.44999999999999996,
			1.71,
			0.68999999999999995,
			0.63,
			0.14999999999999999,
			1.6500000000000001,
			2.3099999999999996,
			2.4299999999999997
		],
		[
			1.8300000000000001,
			0.0,
			1.5900000000000001,
			0.27000000000000002,
			1.4099999999999999,
			0.56999999999999995,
			0.87,
			0.51000000000000001,
			1.71,
			0.68999999999999995,
			1.29,
			0.92999999999999994,
			0.68999999999999995,
			0.32999999999999996,
			0.63,
			1.1700000000000002,
			1.3500000000000001,
			1.77,
			1.29,
			0.68999999999999995,
			1.8300000000000001,
			0.14999999999999999,
			1.5900000000000001,
			0.32999999999999996,
			0.63,
			1.3500000000000001,
			0.44999999999999996,
			0.14999999999999999,
			0.32999999999999996,
			0.98999999999999988,
			0.63,
			0.32999999999999996,
			0.32999999999999996,
			0.27000000000000002,
			0.87,
			1.1700000000000002,
			0.14999999999999999,
			0.80999999999999994,
			0.44999999999999996,
			0.44999999999999996,
			1.3500000000000001,
			0.51000000000000001,
			1.1700000000000002,
			0.56999999999999995,
			1.1700000000000002,
			1.3500000000000001,
			0.68999999999999995,
			0.98999999999999988,
			1.53,
			0.56999999999999995,
			0.80999999999999994,
			1.3500000000000001,
			0.80999999999999994,
			0.44999999999999996,
			0.87,
			1.53,
			1.1100000000000001,
			0.92999999999999994,
			0.20999999999999999,
			1.1700000000000002,
			1.3500000000000001,
			0.44999999999999996,
			1.47,
			1.8300000000000001,
			0.92999999999999994,
			1.47,
			0.20999999999999999,
			1.23,
			1.29,
			1.77,
			0.27000000000000002,
			0.56999999999999995,
			0.68999999999999995
		],
		[
			0.32999999999999996,
			1.5900000000000001,
			0.0,
			1.4099999999999999,
			0.27000000000000002,
			1.1100000000000001,
			0.80999999999999994,
			2.0099999999999998,
			0.20999999999999999,
			2.1899999999999999,
			0.39000000000000001,
			0.74999999999999989,
			2.1899999999999999,
			1.3500000000000001,
			1.05,
			0.51000000000000001,
			0.32999999999999996,
			0.27000000000000002,
			0.39000000000000001,
			0.98999999999999988,
			0.32999999999999996,
			1.6500000000000001,
			0.0,
			1.8300000000000001,
			2.1299999999999999,
			0.32999999999999996,
			1.23,
			1.53,
			1.3500000000000001,
			0.68999999999999995,
			2.1299999999999999,
			1.3500000000000001,
			1.3500000000000001,
			1.77,
			0.80999999999999994,
			0.51000000000000001,
			1.6500000000000001,
			0.87,
			1.95,
			1.23,
			0.32999999999999996,
			2.0099999999999998,
			0.51000000000000001,
			2.0699999999999998,
			0.51000000000000001,
			0.32999999999999996,
			2.1899999999999999,
			0.68999999999999995,
			0.14999999999999999,
			2.0699999999999998,
			0.87,
			0.32999999999999996,
			0.87,
			1.23,
			0.80999999999999994,
			0.14999999999999999,
			0.56999999999999995,
			0.74999999999999989,
			1.47,
			0.51000000000000001,
			0.32999999999999996,
			1.23,
			0.20999999999999999,
			0.32999999999999996,
			0.74999999999999989,
			0.20999999999999999,
			1.47,
			0.44999999999999996,
			0.39000000000000001,
			0.27000000000000002,
			1.4099999999999999,
			2.0699999999999998,
			2.1899999999999999
		],
		[
			1.6500000000000001,
			0.27000000000000002,
			1.4099999999999999,
			0.0,
			1.23,
			0.39000000000000001,
			0.68999999999999995,
			0.68999999999999995,
			1.53,
			0.87,
			1.1100000000000001,
			0.74999999999999989,
			0.87,
			0.14999999999999999,
			0.44999999999999996,
			0.98999999999999988,
			1.1700000000000002,
			1.5900000000000001,
			1.1100000000000001,
			0.51000000000000001,
			1.6500000000000001,
			0.32999999999999996,
			1.4099999999999999,
			0.51000000000000001,
			0.80999999999999994,
			1.1700000000000002,
			0.27000000000000002,
			0.20999999999999999,
			0.14999999999999999,
			0.80999999999999994,
			0.80999999999999994,
			0.14999999999999999,
			0.14999999999999999,
			0.44999999999999996,
			0.68999999999999995,
			0.98999999999999988,
			0.32999999999999996,
			0.63,
			0.63,
			0.27000000000000002,
			1.1700000000000002,
			0.68999999999999995,
			0.98999999999999988,
			0.74999999999999989,
			0.98999999999999988,
			1.1700000000000002,
			0.87,
			0.80999999999999994,
			1.3500000000000001,
			0.74999999999999989,
			0.63,
			1.1700000000000002,
			0.63,
			0.27000000000000002,
			0.68999999999999995,
			1.3500000000000001,
			0.92999999999999994,
			0.74999999999999989,
			0.14999999999999999,
			0.98999999999999988,
			1.1700000000000002,
			0.27000000000000002,
			1.29,
			1.6500000000000001,
			0.74999999999999989,
			1.29,
			0.14999999999999999,
			1.05,
			1.1100000000000001,
			1.5900000000000001,
			0.0,
			0.74999999999999989,
			0.87
		],
		[
			0.51000000000000001,
			1.4099999999999999,
			0.27000000000000002,
			1.23,
			0.0,
			0.92999999999999994,
			0.63,
			1.8300000000000001,
			0.39000000000000001,
			2.0099999999999998,
			0.20999999999999999,
			0.56999999999999995,
			2.0099999999999998,
			1.1700000000000002,
			0.87,
			0.32999999999999996,
			0.14999999999999999,
			0.44999999999999996,
			0.20999999999999999,
			0.80999999999999994,
			0.51000000000000001,
			1.47,
			0.27000000000000002,
			1.6500000000000001,
			1.95,
			0.14999999999999999,
			1.05,
			1.3500000000000001,
			1.1700000000000002,
			0.51000000000000001,
			1.95,
			1.1700000000000002,
			1.1700000000000002,
			1.5900000000000001,
			0.63,
			0.32999999999999996,
			1.47,
			0.68999999999999995,
			1.77,
			1.05,
			0.14999999999999999,
			1.8300000000000001,
			0.32999999999999996,
			1.8899999999999999,
			0.32999999999999996,
			0.14999999999999999,
			2.0099999999999998,
			0.51000000000000001,
			0.20999999999999999,
			1.8899999999999999,
			0.68999999999999995,
			0.14999999999999999,
			0.68999999999999995,
			1.05,
			0.63,
			0.20999999999999999,
			0.39000000000000001,
			0.56999999999999995,
			1.29,
			0.32999999999999996,
			0.14999999999999999,
			1.05,
			0.14999999999999999,
			0.51000000000000001,
			0.56999999999999995,
			0.14999999999999999,
			1.29,
			0.27000000000000002,
			0.20999999999999999,
			0.44999999999999996,
			1.23,
			1.8899999999999999,
			2.0099999999999998
		],
		[
			1.3500000000000001,
			0.56999999999999995,
			1.1100000000000001,
			0.39000000000000001,
			0.92999999999999994,
			0.0,
			0.39000000000000001,
			0.98999999999999988,
			1.23,
			1.1700000000000002,
			0.80999999999999994,
			0.44999999999999996,
			1.1700000000000002,
			0.32999999999999996,
			0.14999999999999999,
			0.68999999999999995,
			0.87,
			1.29,
			0.80999999999999994,
			0.20999999999999999,
			1.3500000000000001,
			0.63,
			1.1100000000000001,
			0.80999999999999994,
			1.1100000000000001,
			0.87,
			0.20999999999999999,
			0.51000000000000001,
			0.32999999999999996,
			0.51000000000000001,
			1.1100000000000001,
			0.32999999999999996,
			0.32999999999999996,
			0.74999999999999989,
			0.39000000000000001,
			0.68999999999999995,
			0.63,
			0.32999999999999996,
			0.92999999999999994,
			0.20999999999999999,
			0.87,
			0.98999999999999988,
			0.68999999999999995,
			1.05,
			0.68999999999999995,
			0.87,
			1.1700000000000002,
			0.51000000000000001,
			1.05,
			1.05,
			0.32999999999999996,
			0.87,
			0.32999999999999996,
			0.20999999999999999,
			0.39000000000000001,
			1.05,
			0.63,
			0.44999999999999996,
			0.44999999999999996,
			0.68999999999999995,
			0.87,
			0.20999999999999999,
			0.98999999999999988,
			1.3500000000000001,
			0.44999999999999996,
			0.98999999999999988,
			0.44999999999999996,
			0.74999999999999989,
			0.80999999999999994,
			1.29,
			0.39000000000000001,
			1.05,
			1.1700000000000002
		],
		[
			1.05,
			0.87,
			0.80999999999999994,
			0.68999999999999995,
			0.63,
			0.39000000000000001,
			0.0,
			1.29,
			0.92999999999999994,
			1.47,
			0.51000000000000001,
			0.14999999999999999,
			1.47,
			0.63,
			0.32999999999999996,
			0.39000000000000001,
			0.56999999999999995,
			0.98999999999999988,
			0.51000000000000001,
			0.27000000000000002,
			1.05,
			0.92999999999999994,
			0.80999999999999994,
			1.1100000000000001,
			1.4099999999999999,
			0.56999999999999995,
			0.51000000000000001,
			0.80999999999999994,
			0.63,
			0.20999999999999999,
			1.4099999999999999,
			0.63,
			0.63,
			1.05,
			0.0,
			0.39000000000000001,
			0.92999999999999994,
			0.14999999999999999,
			1.23,
			0.51000000000000001,
			0.56999999999999995,
			1.29,
			0.39000000000000001,
			1.3500000000000001,
			0.39000000000000001,
			0.56999999999999995,
			1.47,
			0.20999999999999999,
			0.74999999999999989,
			1.3500000000000001,
			0.14999999999999999,
			0.56999999999999995,
			0.14999999999999999,
			0.51000000000000001,
			0.0,
			0.74999999999999989,
			0.32999999999999996,
			0.14999999999999999,
			0.74999999999999989,
			0.39000000000000001,
			0.56999999999999995,
			0.51000000000000001,
			0.68999999999999995,
			1.05,
			0.14999999999999999,
			0.68999999999999995,
			0.74999999999999989,
			0.44999999999999996,
			0.51000000000000001,
			0.98999999999999988,
			0.68999999999999995,
			1.3500000000000001,
			1.47
		],
		[
			2.25,
			0.51000000000000001,
			2.0099999999999998,
			0.68999999999999995,
			1.8300000000000001,
			0.98999999999999988,
			1.29,
			0.0,
			2.1299999999999999,
			0.27000000000000002,
			1.71,
			1.3500000000000001,
			0.27000000000000002,
			0.74999999999999989,
			1.05,
			1.5900000000000001,
			1.77,
			2.1899999999999999,
			1.71,
			1.1100000000000001,
			2.25,
			0.44999999999999996,
			2.0099999999999998,
			0.27000000000000002,
			0.20999999999999999,
			1.77,
			0.87,
			0.56999999999999995,
			0.74999999999999989,
			1.4099999999999999,
			0.20999999999999999,
			0.74999999999999989,
			0.74999999999999989,
			0.32999999999999996,
			1.29,
			1.5900000000000001,
			0.44999999999999996,
			1.23,
			0.14999999999999999,
			0.87,
			1.77,
			0.0,
			1.5900000000000001,
			0.14999999999999999,
			1.5900000000000001,
			1.77,
			0.27000000000000002,
			1.4099999999999999,
			1.95,
			0.14999999999999999,
			1.23,
			1.77,
			1.23,
			0.87,
			1.29,
			1.95,
			1.53,
			1.3500000000000001,
			0.63,
			1.5900000000000001,
			1.77,
			0.87,
			1.8899999999999999,
			2.25,
			1.3500000000000001,
			1.8899999999999999,
			0.63,
			1.6500000000000001,
			1.71,
			2.1899999999999999,
			0.68999999999999995,
			0.14999999999999999,
			0.27000000000000002
		],
		[
			0.20999999999999999,
			1.71,
			0.20999999999999999,
			1.53,
			0.39000000000000001,
			1.23,
			0.92999999999999994,
			2.1299999999999999,
			0.0,
			2.3099999999999996,
			0.51000000000000001,
			0.87,
			2.3099999999999996,
			1.47,
			1.1700000000000002,
			0.63,
			0.44999999999999996,
			0.14999999999999999,
			0.51000000000000001,
			1.1100000000000001,
			0.20999999999999999,
			1.77,
			0.20999999999999999,
			1.95,
			2.25,
			0.44999999999999996,
			1.3500000000000001,
			1.6500000000000001,
			1.47,
			0.80999999999999994,
			2.25,
			1.47,
			1.47,
			1.8899999999999999,
			0.92999999999999994,
			0.63,
			1.77,
			0.98999999999999988,
			2.0699999999999998,
			1.3500000000000001,
			0.44999999999999996,
			2.1299999999999999,
			0.63,
			2.1899999999999999,
			0.63,
			0.44999999999999996,
			2.3099999999999996,
			0.80999999999999994,
			0.27000000000000002,
			2.1899999999999999,
			0.98999999999999988,
			0.44999999999999996,
			0.98999999999999988,
			1.3500000000000001,
			0.92999999999999994,
			0.27000000000000002,
			0.68999999999999995,
			0.87,
			1.5900000000000001,
			0.63,
			0.44999999999999996,
			1.3500000000000001,
			0.32999999999999996,
			0.20999999999999999,
			0.87,
			0.32999999999999996,
			1.5900000000000001,
			0.56999999999999995,
			0.51000000000000001,
			0.14999999999999999,
			1.53,
			2.1899999999999999,
			2.3099999999999996
		],
		[
			2.4299999999999997,
			0.68999999999999995,
			2.1899999999999999,
			0.87,
			2.0099999999999998,
			1.1700000000000002,
			1.47,
			0.27000000000000002,
			2.3099999999999996,
			0.0,
			1.8899999999999999,
			1.53,
			0.0,
			0.92999999999999994,
			1.23,
			1.77,
			1.95,
			2.3699999999999997,
			1.8899999999999999,
			1.29,
			2.4299999999999997,
			0.63,
			2.1899999999999999,
			0.44999999999999996,
			0.14999999999999999,
			1.95,
			1.05,
			0.74999999999999989,
			0.92999999999999994,
			1.5900000000000001,
			0.14999999999999999,
			0.92999999999999994,
			0.92999999999999994,
			0.51000000000000001,
			1.47,
			1.77,
			0.63,
			1.4099999999999999,
			0.32999999999999996,
			1.05,
			1.95,
			0.27000000000000002,
			1.77,
			0.20999999999999999,
			1.77,
			1.95,
			0.0,
			1.5900000000000001,
			2.1299999999999999,
			0.20999999999999999,
			1.4099999999999999,
			1.95,
			1.4099999999999999,
			1.05,
			1.47,
			2.1299999999999999,
			1.71,
			1.53,
			0.80999999999999994,
			1.77,
			1.95,
			1.05,
			2.0699999999999998,
			2.4299999999999997,
			1.53,
			2.0699999999999998,
			0.80999999999999994,
			1.8300000000000001,
			1.8899999999999999,
			2.3699999999999997,
			0.87,
			0.20999999999999999,
			0.0
		],
		[
			0.63,
			1.29,
			0.39000000000000001,
			1.1100000000000001,
			0.20999999999999999,
			0.80999999999999994,
			0.51000000000000001,
			1.71,
			0.51000000000000001,
			1.8899999999999999,
			0.0,
			0.44999999999999996,
			1.8899999999999999,
			1.05,
			0.74999999999999989,
			0.20999999999999999,
			0.14999999999999999,
			0.56999999999999995,
			0.0,
			0.68999999999999995,
			0.63,
			1.3500000000000001,
			0.39000000000000001,
			1.53,
			1.8300000000000001,
			0.14999999999999999,
			0.92999999999999994,
			1.23,
			1.05,
			0.39000000000000001,
			1.8300000000000001,
			1.05,
			1.05,
			1.47,
			0.51000000000000001,
			0.20999999999999999,
			1.3500000000000001,
			0.56999999999999995,
			1.6500000000000001,
			0.92999999999999994,
			0.14999999999999999,
			1.71,
			0.20999999999999999,
			1.77,
			0.20999999999999999,
			0.14999999999999999,
			1.8899999999999999,
			0.39000000000000001,
			0.32999999999999996,
			1.77,
			0.56999999999999995,
			0.14999999999999999,
			0.56999999999999995,
			0.92999999999999994,
			0.51000000000000001,
			0.32999999999999996,
			0.27000000000000002,
			0.44999999999999996,
			1.1700000000000002,
			0.20999999999999999,
			0.14999999999999999,
			0.92999999999999994,
			0.27000000000000002,
			0.63,
			0.44999999999999996,
			0.27000000000000002,
			1.1700000000000002,
			0.14999999999999999,
			0.0,
			0.56999999999999995,
			1.1100000000000001,
			1.77,
			1.8899999999999999
		],
		[
			0.98999999999999988,
			0.92999999999999994,
			0.74999999999999989,
			0.74999999999999989,
			0.56999999999999995,
			0.44999999999999996,
			0.14999999999999999,
			1.3500000000000001,
			0.87,
			1.53,
			0.44999999999999996,
			0.0,
			1.53,
			0.68999999999999995,
			0.39000000000000001,
			0.32999999999999996,
			0.51000000000000001,
			0.92999999999999994,
			0.44999999999999996,
			0.32999999999999996,
			0.98999999999999988,
			0.98999999999999988,
			0.74999999999999989,
			1.1700000000000002,
			1.47,
			0.51000000000000001,
			0.56999999999999995,
			0.87,
			0.68999999999999995,
			0.14999999999999999,
			1.47,
			0.68999999999999995,
			0.68999999999999995,
			1.1100000000000001,
			0.14999999999999999,
			0.32999999999999996,
			0.98999999999999988,
			0.20999999999999999,
			1.29,
			0.56999999999999995,
			0.51000000000000001,
			1.3500000000000001,
			0.32999999999999996,
			1.4099999999999999,
			0.32999999999999996,
			0.51000000000000001,
			1.53,
			0.14999999999999999,
			0.68999999999999995,
			1.4099999999999999,
			0.20999999999999999,
			0.51000000000000001,
			0.20999999999999999,
			0.56999999999999995,
			0.14999999999999999,
			0.68999999999999995,
			0.27000000000000002,
			0.0,
			0.80999999999999994,
			0.32999999999999996,
			0.51000000000000001,
			0.56999999999999995,
			0.63,
			0.98999999999999988,
			0.0,
			0.63,
			0.80999999999999994,
			0.39000000000000001,
			0.44999999999999996,
			0.92999999999999994,
			0.74999999999999989,
			1.4099999999999999,
			1.53
		],
		[
			2.4299999999999997,
			0.68999999999999995,
			2.1899999999999999,
			0.87,
			2.0099999999999998,
			1.1700000000000002,
			1.47,
			0.27000000000000002,
			2.3099999999999996,
			0.0,
			1.8899999999999999,
			1.53,
			0.0,
			0.92999999999999994,
			1.23,
			1.77,
			1.95,
			2.3699999999999997,
			1.8899999999999999,
			1.29,
			2.4299999999999997,
			0.63,
			2.1899999999999999,
			0.44999999999999996,
			0.14999999999999999,
			1.95,
			1.05,
			0.74999999999999989,
			0.92999999999999994,
			1.5900000000000001,
			0.14999999999999999,
			0.92999999999999994,
			0.92999999999999994,
			0.51000000000000001,
			1.47,
			1.77,
			0.63,
			1.4099999999999999,
			0.32999999999999996,
			1.05,
			1.95,
			0.27000000000000002,
			1.77,
			0.20999999999999999,
			1.77,
			1.95,
			0.0,
			1.5900000000000001,
			2.1299999999999999,
			0.20999999999999999,
			1.4099999999999999,
			1.95,
			1.4099999999999999,
			1.05,
			1.47,
			2.1299999999999999,
			1.71,
			1.53,
			0.80999999999999994,
			1.77,
			1.95,
			1.05,
			2.0699999999999998,
			2.4299999999999997,
			1.53,
			2.0699999999999998,
			0.80999999999999994,
			1.8300000000000001,
			1.8899999999999999,
			2.3699999999999997,
			0.87,
			0.20999999999999999,
			0.0
		],
		[
			1.5900000000000001,
			0.32999999999999996,
			1.3500000000000001,
			0.14999999999999999,
			1.1700000000000002,
			0.32999999999999996,
			0.63,
			0.74999999999999989,
			1.47,
			0.92999999999999994,
			1.05,
			0.68999999999999995,
			0.92999999999999994,
			0.0,
			0.39000000000000001,
			0.92999999999999994,
			1.1100000000000001,
			1.53,
			1.05,
			0.44999999999999996,
			1.5900000000000001,
			0.39000000000000001,
			1.3500000000000001,
			0.56999999999999995,
			0.87,
			1.1100000000000001,
			0.20999999999999999,
			0.27000000000000002,
			0.0,
			0.74999999999999989,
			0.87,
			0.0,
			0.0,
			0.51000000000000001,
			0.63,
			0.92999999999999994,
			0.39000000000000001,
			0.56999999999999995,
			0.68999999999999995,
			0.20999999999999999,
			1.1100000000000001,
			0.74999999999999989,
			0.92999999999999994,
			0.80999999999999994,
			0.92999999999999994,
			1.1100000000000001,
			0.92999999999999994,
			0.74999999999999989,
			1.29,
			0.80999999999999994,
			0.56999999999999995,
			1.1100000000000001,
			0.56999999999999995,
			0.20999999999999999,
			0.63,
			1.29,
			0.87,
			0.68999999999999995,
			0.20999999999999999,
			0.92999999999999994,
			1.1100000000000001,
			0.20999999999999999,
			1.23,
			1.5900000000000001,
			0.68999999999999995,
			1.23,
			0.20999999999999999,
			0.98999999999999988,
			1.05,
			1.53,
			0.14999999999999999,
			0.80999999999999994,
			0.92999999999999994
		],
		[
			1.29,
			0.63,
			1.05,
			0.44999999999999996,
			0.87,
			0.14999999999999999,
			0.32999999999999996,
			1.05,
			1.1700000000000002,
			1.23,
			0.74999999999999989,
			0.39000000000000001,
			1.23,
			0.39000000000000001,
			0.0,
			0.63,
			0.80999999999999994,
			1.23,
			0.74999999999999989,
			0.14999999999999999,
			1.29,
			0.68999999999999995,
			1.05,
			0.87,
			1.1700000000000002,
			0.80999999999999994,
			0.27000000000000002,
			0.56999999999999995,
			0.39000000000000001,
			0.44999999999999996,
			1.1700000000000002,
			0.39000000000000001,
			0.39000000000000001,
			0.80999999999999994,
			0.32999999999999996,
			0.63,
			0.68999999999999995,
			0.27000000000000002,
			0.98999999999999988,
			0.27000000000000002,
			0.80999999999999994,
			1.05,
			0.63,
			1.1100000000000001,
			0.63,
			0.80999999999999994,
			1.23,
			0.44999999999999996,
			0.98999999999999988,
			1.1100000000000001,
			0.27000000000000002,
			0.80999999999999994,
			0.27000000000000002,
			0.27000000000000002,
			0.32999999999999996,
			0.98999999999999988,
			0.56999999999999995,
			0.39000000000000001,
			0.51000000000000001,
			0.63,
			0.80999999999999994,
			0.27000000000000002,
			0.92999999999999994,
			1.29,
			0.39000000000000001,
			0.92999999999999994,
			0.51000000000000001,
			0.68999999999999995,
			0.74999999999999989,
			1.23,
			0.44999999999999996,
			1.1100000000000001,
			1.23
		],
		[
			0.74999999999999989,
			1.1700000000000002,
			0.51000000000000001,
			0.98999999999999988,
			0.32999999999999996,
			0.68999999999999995,
			0.39000000000000001,
			1.5900000000000001,
			0.63,
			1.77,
			0.20999999999999999,
			0.32999999999999996,
			1.77,
			0.92999999999999994,
			0.63,
			0.0,
			0.27000000000000002,
			0.68999999999999995,
			0.20999999999999999,
			0.56999999999999995,
			0.74999999999999989,
			1.23,
			0.51000000000000001,
			1.4099999999999999,
			1.71,
			0.27000000000000002,
			0.80999999999999994,
			1.1100000000000001,
			0.92999999999999994,
			0.27000000000000002,
			1.71,
			0.92999999999999994,
			0.92999999999999994,
			1.3500000000000001,
			0.39000000000000001,
			0.0,
			1.23,
			0.44999999999999996,
			1.53,
			0.80999999999999994,
			0.27000000000000002,
			1.5900000000000001,
			0.0,
			1.6500000000000001,
			0.0,
			0.27000000000000002,
			1.77,
			0.27000000000000002,
			0.44999999999999996,
			1.6500000000000001,
			0.44999999999999996,
			0.27000000000000002,
			0.44999999999999996,
			0.80999999999999994,
			0.39000000000000001,
			0.44999999999999996,
			0.14999999999999999,
			0.32999999999999996,
			1.05,
			0.0,
			0.27000000000000002,
			0.80999999999999994,
			0.39000000000000001,
			0.74999999999999989,
			0.32999999999999996,
			0.39000000000000001,
			1.05,
			0.14999999999999999,
			0.20999999999999999,
			0.68999999999999995,
			0.98999999999999988,
			1.6500000000000001,
			1.77
		],
		[
			0.56999999999999995,
			1.3500000000000001,
			0.32999999999999996,
			1.1700000000000002,
			0.14999999999999999,
			0.87,
			0.56999999999999995,
			1.77,
			0.44999999999999996,
			1.95,
			0.14999999999999999,
			0.51000000000000001,
			1.95,
			1.1100000000000001,
			0.80999999999999994,
			0.27000000000000002,
			0.0,
			0.51000000000000001,
			0.14999999999999999,
			0.74999999999999989,
			0.56999999999999995,
			1.4099999999999999,
			0.32999999999999996,
			1.5900000000000001,
			1.8899999999999999,
			0.0,
			0.98999999999999988,
			1.29,
			1.1100000000000001,
			0.44999999999999996,
			1.8899999999999999,
			1.1100000000000001,
			1.1100000000000001,
			1.53,
			0.56999999999999995,
			0.27000000000000002,
			1.4099999999999999,
			0.63,
			1.71,
			0.98999999999999988,
			0.0,
			1.77,
			0.27000000000000002,
			1.8300000000000001,
			0.27000000000000002,
			0.0,
			1.95,
			0.44999999999999996,
			0.27000000000000002,
			1.8300000000000001,
			0.63,
			0.0,
			0.63,
			0.98999999999999988,
			0.56999999999999995,
			0.27000000000000002,
			0.32999999999999996,
			0.51000000000000001,
			1.23,
			0.27000000000000002,
			0.0,
			0.98999999999999988,
			0.20999999999999999,
			0.56999999999999995,
			0.51000000000000001,
			0.20999999999999999,
			1.23,
			0.20999999999999999,
			0.14999999999999999,
			0.51000000000000001,
			1.1700000000000002,
			1.8300000000000001,
			1.95
		],
		[
			0.14999999999999999,
			1.77,
			0.27000000000000002,
			1.5900000000000001,
			0.44999999999999996,
			1.29,
			0.98999999999999988,
			2.1899999999999999,
			0.14999999999999999,
			2.3699999999999997,
			0.56999999999999995,
			0.92999999999999994,
			2.3699999999999997,
			1.53,
			1.23,
			0.68999999999999995,
			0.51000000000000001,
			0.0,
			0.56999999999999995,
			1.1700000000000002,
			0.14999999999999999,
			1.8300000000000001,
			0.27000000000000002,
			2.0099999999999998,
			2.3099999999999996,
			0.51000000000000001,
			1.4099999999999999,
			1.71,
			1.53,
			0.87,
			2.3099999999999996,
			1.53,
			1.53,
			1.95,
			0.98999999999999988,
			0.68999999999999995,
			1.8300000000000001,
			1.05,
			2.1299999999999999,
			1.4099999999999999,
			0.51000000000000001,
			2.1899999999999999,
			0.68999999999999995,
			2.25,
			0.68999999999999995,
			0.51000000000000001,
			2.3699999999999997,
			0.87,
			0.32999999999999996,
			2.25,
			1.05,
			0.51000000000000001,
			1.05,
			1.4099999999999999,
			0.98999999999999988,
			0.32999999999999996,
			0.74999999999999989,
			0.92999999999999994,
			1.6500000000000001,
			0.68999999999999995,
			0.51000000000000001,
			1.4099999999999999,
			0.39000000000000001,
			0.14999999999999999,
			0.92999999999999994,
			0.39000000000000001,
			1.6500000000000001,
			0.63,
			0.56999999999999995,
			0.0,
			1.5900000000000001,
			2.25,
			2.3699999999999997
		],
		[
			0.63,
			1.29,
			0.39000000000000001,
			1.1100000000000001,
			0.20999999999999999,
			0.80999999999999994,
			0.51000000000000001,
			1.71,
			0.51000000000000001,
			1.8899999999999999,
			0.0,
			0.44999999999999996,
			1.8899999999999999,
			1.05,
			0.74999999999999989,
