{
	"instance_setting" : 
	{
		"average_number_of_tasks_executed_by_yc_per_hour" : 18,
		"external_task_ratio" : 0.20000000000000001,
		"instance_id" : 28,
		"number_of_external_tasks" : 15,
		"number_of_internal_tasks" : 57,
		"number_of_tasks" : 72,
		"planning_window_length_in_hours" : 4.0
	},
	"offline_optimal" : 1656.5500000000009,
	"offline_solution_computation_time_in_seconds" : 1.4930778,
	"offline_solution_task_sequence" : 
	[
		0,
		1,
		2,
		3,
		5,
		8,
		9,
		6,
		59,
		7,
		58,
		12,
		10,
		11,
		4,
		14,
		15,
		13,
		16,
		17,
		18,
		19,
		20,
		60,
		21,
		61,
		22,
		24,
		28,
		25,
		32,
		26,
		31,
		23,
		30,
		33,
		34,
		63,
		37,
		35,
		38,
		40,
		27,
		36,
		29,
		62,
		65,
		41,
		39,
		64,
		44,
		43,
		42,
		46,
		67,
		66,
		45,
		48,
		68,
		47,
		49,
		69,
		51,
		50,
		70,
		52,
		71,
		53,
		55,
		56,
		54,
		57,
		72
	],
	"tasks" : 
	[
		{
			"due_date" : 0.0,
			"id" : 0,
			"is_internal" : true,
			"processing_time" : 0.0,
			"release_time" : 0.0,
			"tardiness_weight" : 0.0
		},
		{
			"due_date" : 5.3799999999999999,
			"id" : 1,
			"is_internal" : true,
			"processing_time" : 3.8300000000000001,
			"release_time" : 1.3999999999999999,
			"tardiness_weight" : 4.0
		},
		{
			"due_date" : 6.0599999999999996,
			"id" : 2,
			"is_internal" : true,
			"processing_time" : 2.52,
			"release_time" : 2.7200000000000002,
			"tardiness_weight" : 4.0
		},
		{
			"due_date" : 6.9699999999999998,
			"id" : 3,
			"is_internal" : true,
			"processing_time" : 2.5899999999999999,
			"release_time" : 3.3799999999999999,
			"tardiness_weight" : 4.0
		},
		{
			"due_date" : 8.0500000000000007,
			"id" : 4,
			"is_internal" : true,
			"processing_time" : 2.7599999999999998,
			"release_time" : 2.1000000000000001,
			"tardiness_weight" : 4.0
		},
		{
			"due_date" : 8.1799999999999997,
			"id" : 5,
			"is_internal" : true,
			"processing_time" : 3.8300000000000001,
			"release_time" : 2.3999999999999999,
			"tardiness_weight" : 3.0
		},
		{
			"due_date" : 12.74,
			"id" : 6,
			"is_internal" : true,
			"processing_time" : 2.2200000000000002,
			"release_time" : 7.4000000000000004,
			"tardiness_weight" : 4.0
		},
		{
			"due_date" : 17.140000000000001,
			"id" : 7,
			"is_internal" : true,
			"processing_time" : 2.7799999999999998,
			"release_time" : 13.75,
			"tardiness_weight" : 4.0
		},
		{
			"due_date" : 20.370000000000001,
			"id" : 8,
			"is_internal" : true,
			"processing_time" : 4.0,
			"release_time" : 14.779999999999999,
			"tardiness_weight" : 4.0
		},
		{
			"due_date" : 24.039999999999999,
			"id" : 9,
			"is_internal" : true,
			"processing_time" : 3.73,
			"release_time" : 18.640000000000001,
			"tardiness_weight" : 3.0
		},
		{
			"due_date" : 28.84,
			"id" : 10,
			"is_internal" : true,
			"processing_time" : 3.6899999999999999,
			"release_time" : 23.300000000000001,
			"tardiness_weight" : 3.0
		},
		{
			"due_date" : 31.57,
			"id" : 11,
			"is_internal" : true,
			"processing_time" : 3.3900000000000001,
			"release_time" : 27.539999999999999,
			"tardiness_weight" : 4.0
		},
		{
			"due_date" : 33.420000000000002,
			"id" : 12,
			"is_internal" : true,
			"processing_time" : 3.7799999999999998,
			"release_time" : 28.620000000000001,
			"tardiness_weight" : 3.0
		},
		{
			"due_date" : 45.079999999999998,
			"id" : 13,
			"is_internal" : true,
			"processing_time" : 2.0699999999999998,
			"release_time" : 39.439999999999998,
			"tardiness_weight" : 4.0
		},
		{
			"due_date" : 52.450000000000003,
			"id" : 14,
			"is_internal" : true,
			"processing_time" : 2.4500000000000002,
			"release_time" : 48.329999999999998,
			"tardiness_weight" : 4.0
		},
		{
			"due_date" : 56.07,
			"id" : 15,
			"is_internal" : true,
			"processing_time" : 2.7400000000000002,
			"release_time" : 51.289999999999999,
			"tardiness_weight" : 4.0
		},
		{
			"due_date" : 59.0,
			"id" : 16,
			"is_internal" : true,
			"processing_time" : 2.2799999999999998,
			"release_time" : 53.810000000000002,
			"tardiness_weight" : 3.0
		},
		{
			"due_date" : 63.130000000000003,
			"id" : 17,
			"is_internal" : true,
			"processing_time" : 2.3599999999999999,
			"release_time" : 59.240000000000002,
			"tardiness_weight" : 3.0
		},
		{
			"due_date" : 68.060000000000002,
			"id" : 18,
			"is_internal" : true,
			"processing_time" : 3.1000000000000001,
			"release_time" : 62.409999999999997,
			"tardiness_weight" : 4.0
		},
		{
			"due_date" : 68.680000000000007,
			"id" : 19,
			"is_internal" : true,
			"processing_time" : 3.4700000000000002,
			"release_time" : 64.540000000000006,
			"tardiness_weight" : 3.0
		},
		{
			"due_date" : 75.900000000000006,
			"id" : 20,
			"is_internal" : true,
			"processing_time" : 2.3799999999999999,
			"release_time" : 70.209999999999994,
			"tardiness_weight" : 4.0
		},
		{
			"due_date" : 80.989999999999995,
			"id" : 21,
			"is_internal" : true,
			"processing_time" : 3.0499999999999998,
			"release_time" : 75.599999999999994,
			"tardiness_weight" : 3.0
		},
		{
			"due_date" : 83.569999999999993,
			"id" : 22,
			"is_internal" : true,
			"processing_time" : 3.6899999999999999,
			"release_time" : 79.620000000000005,
			"tardiness_weight" : 3.0
		},
		{
			"due_date" : 84.590000000000003,
			"id" : 23,
			"is_internal" : true,
			"processing_time" : 2.1899999999999999,
			"release_time" : 82.370000000000005,
			"tardiness_weight" : 3.0
		},
		{
			"due_date" : 85.459999999999994,
			"id" : 24,
			"is_internal" : true,
			"processing_time" : 2.6000000000000001,
			"release_time" : 80.030000000000001,
			"tardiness_weight" : 3.0
		},
		{
			"due_date" : 88.829999999999998,
			"id" : 25,
			"is_internal" : true,
			"processing_time" : 2.3700000000000001,
			"release_time" : 83.900000000000006,
			"tardiness_weight" : 4.0
		},
		{
			"due_date" : 90.260000000000005,
			"id" : 26,
			"is_internal" : true,
			"processing_time" : 2.77,
			"release_time" : 86.090000000000003,
			"tardiness_weight" : 3.0
		},
		{
			"due_date" : 91.310000000000002,
			"id" : 27,
			"is_internal" : true,
			"processing_time" : 2.3100000000000001,
			"release_time" : 87.219999999999999,
			"tardiness_weight" : 3.0
		},
		{
			"due_date" : 91.849999999999994,
			"id" : 28,
			"is_internal" : true,
			"processing_time" : 2.98,
			"release_time" : 88.799999999999997,
			"tardiness_weight" : 4.0
		},
		{
			"due_date" : 92.010000000000005,
			"id" : 29,
			"is_internal" : true,
			"processing_time" : 3.1299999999999999,
			"release_time" : 88.760000000000005,
			"tardiness_weight" : 3.0
		},
		{
			"due_date" : 95.310000000000002,
			"id" : 30,
			"is_internal" : true,
			"processing_time" : 2.71,
			"release_time" : 90.180000000000007,
			"tardiness_weight" : 3.0
		},
		{
			"due_date" : 95.719999999999999,
			"id" : 31,
			"is_internal" : true,
			"processing_time" : 2.77,
			"release_time" : 91.269999999999996,
			"tardiness_weight" : 3.0
		},
		{
			"due_date" : 95.790000000000006,
			"id" : 32,
			"is_internal" : true,
			"processing_time" : 2.25,
			"release_time" : 93.040000000000006,
			"tardiness_weight" : 4.0
		},
		{
			"due_date" : 110.45,
			"id" : 33,
			"is_internal" : true,
			"processing_time" : 2.7999999999999998,
			"release_time" : 107.34,
			"tardiness_weight" : 4.0
		},
		{
			"due_date" : 112.09999999999999,
			"id" : 34,
			"is_internal" : true,
			"processing_time" : 2.71,
			"release_time" : 106.89,
			"tardiness_weight" : 4.0
		},
		{
			"due_date" : 117.39,
			"id" : 35,
			"is_internal" : true,
			"processing_time" : 3.79,
			"release_time" : 111.55,
			"tardiness_weight" : 4.0
		},
		{
			"due_date" : 117.65000000000001,
			"id" : 36,
			"is_internal" : true,
			"processing_time" : 2.96,
			"release_time" : 113.62,
			"tardiness_weight" : 4.0
		},
		{
			"due_date" : 122.28,
			"id" : 37,
			"is_internal" : true,
			"processing_time" : 2.27,
			"release_time" : 119.66,
			"tardiness_weight" : 4.0
		},
		{
			"due_date" : 127.54000000000001,
			"id" : 38,
			"is_internal" : true,
			"processing_time" : 3.0699999999999998,
			"release_time" : 123.70999999999999,
			"tardiness_weight" : 4.0
		},
		{
			"due_date" : 133.62,
			"id" : 39,
			"is_internal" : true,
			"processing_time" : 2.8999999999999999,
			"release_time" : 130.09,
			"tardiness_weight" : 3.0
		},
		{
			"due_date" : 134.53999999999999,
			"id" : 40,
			"is_internal" : true,
			"processing_time" : 3.3700000000000001,
			"release_time" : 129.40000000000001,
			"tardiness_weight" : 3.0
		},
		{
			"due_date" : 154.41999999999999,
			"id" : 41,
			"is_internal" : true,
			"processing_time" : 2.4300000000000002,
			"release_time" : 148.84,
			"tardiness_weight" : 3.0
		},
		{
			"due_date" : 159.19,
			"id" : 42,
			"is_internal" : true,
			"processing_time" : 2.2200000000000002,
			"release_time" : 153.65000000000001,
			"tardiness_weight" : 3.0
		},
		{
			"due_date" : 159.99000000000001,
			"id" : 43,
			"is_internal" : true,
			"processing_time" : 3.5499999999999998,
			"release_time" : 154.77000000000001,
			"tardiness_weight" : 3.0
		},
		{
			"due_date" : 162.06999999999999,
			"id" : 44,
			"is_internal" : true,
			"processing_time" : 3.6200000000000001,
			"release_time" : 156.97,
			"tardiness_weight" : 4.0
		},
		{
			"due_date" : 173.81,
			"id" : 45,
			"is_internal" : true,
			"processing_time" : 3.9100000000000001,
			"release_time" : 169.22999999999999,
			"tardiness_weight" : 3.0
		},
		{
			"due_date" : 174.09999999999999,
			"id" : 46,
			"is_internal" : true,
			"processing_time" : 3.96,
			"release_time" : 169.63,
			"tardiness_weight" : 3.0
		},
		{
			"due_date" : 183.0,
			"id" : 47,
			"is_internal" : true,
			"processing_time" : 3.0,
			"release_time" : 178.53,
			"tardiness_weight" : 4.0
		},
		{
			"due_date" : 183.65000000000001,
			"id" : 48,
			"is_internal" : true,
			"processing_time" : 3.1299999999999999,
			"release_time" : 178.15000000000001,
			"tardiness_weight" : 3.0
		},
		{
			"due_date" : 194.97999999999999,
			"id" : 49,
			"is_internal" : true,
			"processing_time" : 2.25,
			"release_time" : 192.00999999999999,
			"tardiness_weight" : 4.0
		},
		{
			"due_date" : 200.53,
			"id" : 50,
			"is_internal" : true,
			"processing_time" : 2.6200000000000001,
			"release_time" : 195.78,
			"tardiness_weight" : 4.0
		},
		{
			"due_date" : 202.21000000000001,
			"id" : 51,
			"is_internal" : true,
			"processing_time" : 2.46,
			"release_time" : 197.38,
			"tardiness_weight" : 4.0
		},
		{
			"due_date" : 215.09,
			"id" : 52,
			"is_internal" : true,
			"processing_time" : 2.7999999999999998,
			"release_time" : 209.94,
			"tardiness_weight" : 4.0
		},
		{
			"due_date" : 223.47,
			"id" : 53,
			"is_internal" : true,
			"processing_time" : 2.8199999999999998,
			"release_time" : 218.81999999999999,
			"tardiness_weight" : 3.0
		},
		{
			"due_date" : 224.13999999999999,
			"id" : 54,
			"is_internal" : true,
			"processing_time" : 3.46,
			"release_time" : 220.13,
			"tardiness_weight" : 4.0
		},
		{
			"due_date" : 224.94,
			"id" : 55,
			"is_internal" : true,
			"processing_time" : 3.3300000000000001,
			"release_time" : 219.33000000000001,
			"tardiness_weight" : 4.0
		},
		{
			"due_date" : 227.50999999999999,
			"id" : 56,
			"is_internal" : true,
			"processing_time" : 2.0099999999999998,
			"release_time" : 225.19,
			"tardiness_weight" : 4.0
		},
		{
			"due_date" : 239.93000000000001,
			"id" : 57,
			"is_internal" : true,
			"processing_time" : 2.9100000000000001,
			"release_time" : 235.5,
			"tardiness_weight" : 4.0
		},
		{
			"due_date" : 19.609999999999999,
			"id" : 58,
			"is_internal" : false,
			"processing_time" : 2.0,
			"release_time" : 17.609999999999999,
			"tardiness_weight" : 1.0
		},
		{
			"due_date" : 20.559999999999999,
			"id" : 59,
			"is_internal" : false,
			"processing_time" : 2.0,
			"release_time" : 18.559999999999999,
			"tardiness_weight" : 1.0
		},
		{
			"due_date" : 69.079999999999998,
			"id" : 60,
			"is_internal" : false,
			"processing_time" : 2.0,
			"release_time" : 67.079999999999998,
			"tardiness_weight" : 1.0
		},
		{
			"due_date" : 78.840000000000003,
			"id" : 61,
			"is_internal" : false,
			"processing_time" : 2.0,
			"release_time" : 76.840000000000003,
			"tardiness_weight" : 1.0
		},
		{
			"due_date" : 90.540000000000006,
			"id" : 62,
			"is_internal" : false,
			"processing_time" : 2.0,
			"release_time" : 88.540000000000006,
			"tardiness_weight" : 1.0
		},
		{
			"due_date" : 118.86,
			"id" : 63,
			"is_internal" : false,
			"processing_time" : 2.0,
			"release_time" : 116.86,
			"tardiness_weight" : 1.0
		},
		{
			"due_date" : 134.34999999999999,
			"id" : 64,
			"is_internal" : false,
			"processing_time" : 2.0,
			"release_time" : 132.34999999999999,
			"tardiness_weight" : 1.0
		},
		{
			"due_date" : 144.33000000000001,
			"id" : 65,
			"is_internal" : false,
			"processing_time" : 2.0,
			"release_time" : 142.33000000000001,
			"tardiness_weight" : 1.0
		},
		{
			"due_date" : 163.80000000000001,
			"id" : 66,
			"is_internal" : false,
			"processing_time" : 2.0,
			"release_time" : 161.80000000000001,
			"tardiness_weight" : 1.0
		},
		{
			"due_date" : 173.24000000000001,
			"id" : 67,
			"is_internal" : false,
			"processing_time" : 2.0,
			"release_time" : 171.24000000000001,
			"tardiness_weight" : 1.0
		},
		{
			"due_date" : 182.43000000000001,
			"id" : 68,
			"is_internal" : false,
			"processing_time" : 2.0,
			"release_time" : 180.43000000000001,
			"tardiness_weight" : 1.0
		},
		{
			"due_date" : 185.91,
			"id" : 69,
			"is_internal" : false,
			"processing_time" : 2.0,
			"release_time" : 183.91,
			"tardiness_weight" : 1.0
		},
		{
			"due_date" : 208.66999999999999,
			"id" : 70,
			"is_internal" : false,
			"processing_time" : 2.0,
			"release_time" : 206.66999999999999,
			"tardiness_weight" : 1.0
		},
		{
			"due_date" : 216.18000000000001,
			"id" : 71,
			"is_internal" : false,
			"processing_time" : 2.0,
			"release_time" : 214.18000000000001,
			"tardiness_weight" : 1.0
		},
		{
			"due_date" : 238.24000000000001,
			"id" : 72,
			"is_internal" : false,
			"processing_time" : 2.0,
			"release_time" : 236.24000000000001,
			"tardiness_weight" : 1.0
		}
	],
	"time_adjacency_matrix" : 
	[
		[
			0.0,
			2.0699999999999998,
			2.3699999999999997,
			2.4299999999999997,
			0.14999999999999999,
			2.25,
			1.29,
			0.92999999999999994,
			2.3699999999999997,
			2.3099999999999996,
			0.44999999999999996,
			0.20999999999999999,
			0.68999999999999995,
			1.29,
			0.14999999999999999,
			0.27000000000000002,
			1.77,
			1.3500000000000001,
			1.4099999999999999,
			2.4299999999999997,
			1.53,
			1.3500000000000001,
			1.8899999999999999,
			1.1100000000000001,
			1.95,
			2.1899999999999999,
			2.3699999999999997,
			0.44999999999999996,
			2.0099999999999998,
			0.14999999999999999,
			1.1700000000000002,
			2.0699999999999998,
			2.25,
			1.71,
			2.4299999999999997,
			0.80999999999999994,
			0.32999999999999996,
			2.0699999999999998,
			1.1700000000000002,
			2.1899999999999999,
			0.68999999999999995,
			1.1100000000000001,
			0.14999999999999999,
			0.56999999999999995,
			1.1100000000000001,
			2.3099999999999996,
			0.51000000000000001,
			0.39000000000000001,
			1.1700000000000002,
			0.20999999999999999,
			2.3699999999999997,
			2.0699999999999998,
			0.32999999999999996,
			0.27000000000000002,
			1.53,
			0.0,
			0.87,
			2.1899999999999999,
			0.80999999999999994,
			1.4099999999999999,
			1.47,
			1.77,
			0.44999999999999996,
			2.0099999999999998,
			2.1299999999999999,
			1.1700000000000002,
			1.8300000000000001,
			1.3500000000000001,
			1.1100000000000001,
			0.51000000000000001,
			0.20999999999999999,
			0.27000000000000002,
			2.25
		],
		[
			2.0699999999999998,
			0.0,
			0.39000000000000001,
			0.44999999999999996,
			2.0099999999999998,
			0.27000000000000002,
			0.87,
			1.23,
			0.39000000000000001,
			0.32999999999999996,
			1.71,
			1.95,
			1.47,
			0.87,
			2.0099999999999998,
			1.8899999999999999,
			0.39000000000000001,
			0.80999999999999994,
			0.74999999999999989,
			0.44999999999999996,
			0.63,
			0.80999999999999994,
			0.27000000000000002,
			1.05,
			0.20999999999999999,
			0.20999999999999999,
			0.39000000000000001,
			1.71,
			0.14999999999999999,
			2.0099999999999998,
			0.98999999999999988,
			0.0,
			0.27000000000000002,
			0.44999999999999996,
			0.44999999999999996,
			1.3500000000000001,
			1.8300000000000001,
			0.0,
			0.98999999999999988,
			0.20999999999999999,
			1.47,
			1.05,
			2.0099999999999998,
			1.5900000000000001,
			1.05,
			0.32999999999999996,
			1.6500000000000001,
			1.77,
			0.98999999999999988,
			1.95,
			0.39000000000000001,
			0.0,
			1.8300000000000001,
			1.8899999999999999,
			0.63,
			2.0699999999999998,
			1.29,
			0.20999999999999999,
			1.3500000000000001,
			0.74999999999999989,
			0.68999999999999995,
			0.39000000000000001,
			1.71,
			0.14999999999999999,
			0.14999999999999999,
			0.98999999999999988,
			0.32999999999999996,
			0.80999999999999994,
			1.05,
			1.6500000000000001,
			1.95,
			1.8899999999999999,
			0.27000000000000002
		],
		[
			2.3699999999999997,
			0.39000000000000001,
			0.0,
			0.14999999999999999,
			2.3099999999999996,
			0.20999999999999999,
			1.1700000000000002,
			1.53,
			0.0,
			0.14999999999999999,
			2.0099999999999998,
			2.25,
			1.77,
			1.1700000000000002,
			2.3099999999999996,
			2.1899999999999999,
			0.68999999999999995,
			1.1100000000000001,
			1.05,
			0.14999999999999999,
			0.92999999999999994,
			1.1100000000000001,
			0.56999999999999995,
			1.3500000000000001,
			0.51000000000000001,
			0.27000000000000002,
			0.0,
			2.0099999999999998,
			0.44999999999999996,
			2.3099999999999996,
			1.29,
			0.39000000000000001,
			0.20999999999999999,
			0.74999999999999989,
			0.14999999999999999,
			1.6500000000000001,
			2.1299999999999999,
			0.39000000000000001,
			1.29,
			0.27000000000000002,
			1.77,
			1.3500000000000001,
			2.3099999999999996,
			1.8899999999999999,
			1.3500000000000001,
			0.14999999999999999,
			1.95,
			2.0699999999999998,
			1.29,
			2.25,
			0.0,
			0.39000000000000001,
			2.1299999999999999,
			2.1899999999999999,
			0.92999999999999994,
			2.3699999999999997,
			1.5900000000000001,
			0.27000000000000002,
			1.6500000000000001,
			1.05,
			0.98999999999999988,
			0.68999999999999995,
			2.0099999999999998,
			0.44999999999999996,
			0.32999999999999996,
			1.29,
			0.63,
			1.1100000000000001,
			1.3500000000000001,
			1.95,
			2.25,
			2.1899999999999999,
			0.20999999999999999
		],
		[
			2.4299999999999997,
			0.44999999999999996,
			0.14999999999999999,
			0.0,
			2.3699999999999997,
			0.27000000000000002,
			1.23,
			1.5900000000000001,
			0.14999999999999999,
			0.20999999999999999,
			2.0699999999999998,
			2.3099999999999996,
			1.8300000000000001,
			1.23,
			2.3699999999999997,
			2.25,
			0.74999999999999989,
			1.1700000000000002,
			1.1100000000000001,
			0.0,
			0.98999999999999988,
			1.1700000000000002,
			0.63,
			1.4099999999999999,
			0.56999999999999995,
			0.32999999999999996,
			0.14999999999999999,
			2.0699999999999998,
			0.51000000000000001,
			2.3699999999999997,
			1.3500000000000001,
			0.44999999999999996,
			0.27000000000000002,
			0.80999999999999994,
			0.0,
			1.71,
			2.1899999999999999,
			0.44999999999999996,
			1.3500000000000001,
			0.32999999999999996,
			1.8300000000000001,
			1.4099999999999999,
			2.3699999999999997,
			1.95,
			1.4099999999999999,
			0.20999999999999999,
			2.0099999999999998,
			2.1299999999999999,
			1.3500000000000001,
			2.3099999999999996,
			0.14999999999999999,
			0.44999999999999996,
			2.1899999999999999,
			2.25,
			0.98999999999999988,
			2.4299999999999997,
			1.6500000000000001,
			0.32999999999999996,
			1.71,
			1.1100000000000001,
			1.05,
			0.74999999999999989,
			2.0699999999999998,
			0.51000000000000001,
			0.39000000000000001,
			1.3500000000000001,
			0.68999999999999995,
			1.1700000000000002,
			1.4099999999999999,
			2.0099999999999998,
			2.3099999999999996,
			2.25,
			0.27000000000000002
		],
		[
			0.14999999999999999,
			2.0099999999999998,
			2.3099999999999996,
			2.3699999999999997,
			0.0,
			2.1899999999999999,
			1.23,
			0.87,
			2.3099999999999996,
			2.25,
			0.39000000000000001,
			0.14999999999999999,
			0.63,
			1.23,
			0.0,
			0.20999999999999999,
			1.71,
			1.29,
			1.3500000000000001,
			2.3699999999999997,
			1.47,
			1.29,
			1.8300000000000001,
			1.05,
			1.8899999999999999,
			2.1299999999999999,
			2.3099999999999996,
			0.39000000000000001,
			1.95,
			0.0,
			1.1100000000000001,
			2.0099999999999998,
			2.1899999999999999,
			1.6500000000000001,
			2.3699999999999997,
			0.74999999999999989,
			0.27000000000000002,
			2.0099999999999998,
			1.1100000000000001,
			2.1299999999999999,
			0.63,
			1.05,
			0.0,
			0.51000000000000001,
			1.05,
			2.25,
			0.44999999999999996,
			0.32999999999999996,
			1.1100000000000001,
			0.14999999999999999,
			2.3099999999999996,
			2.0099999999999998,
			0.27000000000000002,
			0.20999999999999999,
			1.47,
			0.14999999999999999,
			0.80999999999999994,
			2.1299999999999999,
			0.74999999999999989,
			1.3500000000000001,
			1.4099999999999999,
			1.71,
			0.39000000000000001,
			1.95,
			2.0699999999999998,
			1.1100000000000001,
			1.77,
			1.29,
			1.05,
			0.44999999999999996,
			0.14999999999999999,
			0.20999999999999999,
			2.1899999999999999
		],
		[
			2.25,
			0.27000000000000002,
			0.20999999999999999,
			0.27000000000000002,
			2.1899999999999999,
			0.0,
			1.05,
			1.4099999999999999,
			0.20999999999999999,
			0.14999999999999999,
			1.8899999999999999,
			2.1299999999999999,
			1.6500000000000001,
			1.05,
			2.1899999999999999,
			2.0699999999999998,
			0.56999999999999995,
			0.98999999999999988,
			0.92999999999999994,
			0.27000000000000002,
			0.80999999999999994,
			0.98999999999999988,
			0.44999999999999996,
			1.23,
			0.39000000000000001,
			0.14999999999999999,
			0.20999999999999999,
			1.8899999999999999,
			0.32999999999999996,
			2.1899999999999999,
			1.1700000000000002,
			0.27000000000000002,
			0.0,
			0.63,
			0.27000000000000002,
			1.53,
			2.0099999999999998,
			0.27000000000000002,
			1.1700000000000002,
			0.14999999999999999,
			1.6500000000000001,
			1.23,
			2.1899999999999999,
			1.77,
			1.23,
			0.14999999999999999,
			1.8300000000000001,
			1.95,
			1.1700000000000002,
			2.1299999999999999,
			0.20999999999999999,
			0.27000000000000002,
			2.0099999999999998,
			2.0699999999999998,
			0.80999999999999994,
			2.25,
			1.47,
			0.14999999999999999,
			1.53,
			0.92999999999999994,
			0.87,
			0.56999999999999995,
			1.8899999999999999,
			0.32999999999999996,
			0.20999999999999999,
			1.1700000000000002,
			0.51000000000000001,
			0.98999999999999988,
			1.23,
			1.8300000000000001,
			2.1299999999999999,
			2.0699999999999998,
			0.0
		],
		[
			1.29,
			0.87,
			1.1700000000000002,
			1.23,
			1.23,
			1.05,
			0.0,
			0.44999999999999996,
			1.1700000000000002,
			1.1100000000000001,
			0.92999999999999994,
			1.1700000000000002,
			0.68999999999999995,
			0.0,
			1.23,
			1.1100000000000001,
			0.56999999999999995,
			0.14999999999999999,
			0.20999999999999999,
			1.23,
			0.32999999999999996,
			0.14999999999999999,
			0.68999999999999995,
			0.27000000000000002,
			0.74999999999999989,
			0.98999999999999988,
			1.1700000000000002,
			0.92999999999999994,
			0.80999999999999994,
			1.23,
			0.20999999999999999,
			0.87,
			1.05,
			0.51000000000000001,
			1.23,
			0.56999999999999995,
			1.05,
			0.87,
			0.20999999999999999,
			0.98999999999999988,
			0.68999999999999995,
			0.27000000000000002,
			1.23,
			0.80999999999999994,
			0.27000000000000002,
			1.1100000000000001,
			0.87,
			0.98999999999999988,
			0.20999999999999999,
			1.1700000000000002,
			1.1700000000000002,
			0.87,
			1.05,
			1.1100000000000001,
			0.32999999999999996,
			1.29,
			0.51000000000000001,
			0.98999999999999988,
			0.56999999999999995,
			0.20999999999999999,
			0.27000000000000002,
			0.56999999999999995,
			0.92999999999999994,
			0.80999999999999994,
			0.92999999999999994,
			0.20999999999999999,
			0.63,
			0.14999999999999999,
			0.27000000000000002,
			0.87,
			1.1700000000000002,
			1.1100000000000001,
			1.05
		],
		[
			0.92999999999999994,
			1.23,
			1.53,
			1.5900000000000001,
			0.87,
			1.4099999999999999,
			0.44999999999999996,
			0.0,
			1.53,
			1.47,
			0.56999999999999995,
			0.80999999999999994,
			0.32999999999999996,
			0.44999999999999996,
			0.87,
			0.74999999999999989,
			0.92999999999999994,
			0.51000000000000001,
			0.56999999999999995,
			1.5900000000000001,
			0.68999999999999995,
			0.51000000000000001,
			1.05,
			0.27000000000000002,
			1.1100000000000001,
			1.3500000000000001,
			1.53,
			0.56999999999999995,
			1.1700000000000002,
			0.87,
			0.32999999999999996,
			1.23,
			1.4099999999999999,
			0.87,
			1.5900000000000001,
			0.20999999999999999,
			0.68999999999999995,
			1.23,
			0.32999999999999996,
			1.3500000000000001,
			0.32999999999999996,
			0.27000000000000002,
			0.87,
			0.44999999999999996,
			0.27000000000000002,
			1.47,
			0.51000000000000001,
			0.63,
			0.32999999999999996,
			0.80999999999999994,
			1.53,
			1.23,
			0.68999999999999995,
			0.74999999999999989,
			0.68999999999999995,
			0.92999999999999994,
			0.14999999999999999,
			1.3500000000000001,
			0.20999999999999999,
			0.56999999999999995,
			0.63,
			0.92999999999999994,
			0.56999999999999995,
			1.1700000000000002,
			1.29,
			0.32999999999999996,
			0.98999999999999988,
			0.51000000000000001,
			0.27000000000000002,
			0.51000000000000001,
			0.80999999999999994,
			0.74999999999999989,
			1.4099999999999999
		],
		[
			2.3699999999999997,
			0.39000000000000001,
			0.0,
			0.14999999999999999,
			2.3099999999999996,
			0.20999999999999999,
			1.1700000000000002,
			1.53,
			0.0,
			0.14999999999999999,
			2.0099999999999998,
			2.25,
			1.77,
			1.1700000000000002,
			2.3099999999999996,
			2.1899999999999999,
			0.68999999999999995,
			1.1100000000000001,
			1.05,
			0.14999999999999999,
			0.92999999999999994,
			1.1100000000000001,
			0.56999999999999995,
			1.3500000000000001,
			0.51000000000000001,
			0.27000000000000002,
			0.0,
			2.0099999999999998,
			0.44999999999999996,
			2.3099999999999996,
			1.29,
			0.39000000000000001,
			0.20999999999999999,
			0.74999999999999989,
			0.14999999999999999,
			1.6500000000000001,
			2.1299999999999999,
			0.39000000000000001,
			1.29,
			0.27000000000000002,
			1.77,
			1.3500000000000001,
			2.3099999999999996,
			1.8899999999999999,
			1.3500000000000001,
			0.14999999999999999,
			1.95,
			2.0699999999999998,
			1.29,
			2.25,
			0.0,
			0.39000000000000001,
			2.1299999999999999,
			2.1899999999999999,
			0.92999999999999994,
			2.3699999999999997,
			1.5900000000000001,
			0.27000000000000002,
			1.6500000000000001,
			1.05,
			0.98999999999999988,
			0.68999999999999995,
			2.0099999999999998,
			0.44999999999999996,
			0.32999999999999996,
			1.29,
			0.63,
			1.1100000000000001,
			1.3500000000000001,
			1.95,
			2.25,
			2.1899999999999999,
			0.20999999999999999
		],
		[
			2.3099999999999996,
			0.32999999999999996,
			0.14999999999999999,
			0.20999999999999999,
			2.25,
			0.14999999999999999,
			1.1100000000000001,
			1.47,
			0.14999999999999999,
			0.0,
			1.95,
			2.1899999999999999,
			1.71,
			1.1100000000000001,
			2.25,
			2.1299999999999999,
			0.63,
			1.05,
			0.98999999999999988,
			0.20999999999999999,
			0.87,
			1.05,
			0.51000000000000001,
			1.29,
			0.44999999999999996,
			0.20999999999999999,
			0.14999999999999999,
			1.95,
			0.39000000000000001,
			2.25,
			1.23,
			0.32999999999999996,
			0.14999999999999999,
			0.68999999999999995,
			0.20999999999999999,
			1.5900000000000001,
			2.0699999999999998,
			0.32999999999999996,
			1.23,
			0.20999999999999999,
			1.71,
			1.29,
			2.25,
			1.8300000000000001,
			1.29,
			0.0,
			1.8899999999999999,
			2.0099999999999998,
			1.23,
			2.1899999999999999,
			0.14999999999999999,
			0.32999999999999996,
			2.0699999999999998,
			2.1299999999999999,
			0.87,
			2.3099999999999996,
			1.53,
			0.20999999999999999,
			1.5900000000000001,
			0.98999999999999988,
			0.92999999999999994,
			0.63,
			1.95,
			0.39000000000000001,
			0.27000000000000002,
			1.23,
			0.56999999999999995,
			1.05,
			1.29,
			1.8899999999999999,
			2.1899999999999999,
			2.1299999999999999,
			0.14999999999999999
		],
		[
			0.44999999999999996,
			1.71,
			2.0099999999999998,
			2.0699999999999998,
			0.39000000000000001,
			1.8899999999999999,
			0.92999999999999994,
			0.56999999999999995,
			2.0099999999999998,
			1.95,
			0.0,
			0.32999999999999996,
			0.32999999999999996,
			0.92999999999999994,
			0.39000000000000001,
			0.27000000000000002,
			1.4099999999999999,
			0.98999999999999988,
			1.05,
			2.0699999999999998,
			1.1700000000000002,
			0.98999999999999988,
			1.53,
			0.74999999999999989,
			1.5900000000000001,
			1.8300000000000001,
			2.0099999999999998,
			0.0,
			1.6500000000000001,
			0.39000000000000001,
			0.80999999999999994,
			1.71,
			1.8899999999999999,
			1.3500000000000001,
			2.0699999999999998,
			0.44999999999999996,
			0.20999999999999999,
			1.71,
			0.80999999999999994,
			1.8300000000000001,
			0.32999999999999996,
			0.74999999999999989,
			0.39000000000000001,
			0.20999999999999999,
			0.74999999999999989,
			1.95,
			0.14999999999999999,
			0.14999999999999999,
			0.80999999999999994,
			0.32999999999999996,
			2.0099999999999998,
			1.71,
			0.20999999999999999,
			0.27000000000000002,
			1.1700000000000002,
			0.44999999999999996,
			0.51000000000000001,
			1.8300000000000001,
			0.44999999999999996,
			1.05,
			1.1100000000000001,
			1.4099999999999999,
			0.0,
			1.6500000000000001,
			1.77,
			0.80999999999999994,
			1.47,
			0.98999999999999988,
			0.74999999999999989,
			0.14999999999999999,
			0.32999999999999996,
			0.27000000000000002,
			1.8899999999999999
		],
		[
			0.20999999999999999,
			1.95,
			2.25,
			2.3099999999999996,
			0.14999999999999999,
			2.1299999999999999,
			1.1700000000000002,
			0.80999999999999994,
			2.25,
			2.1899999999999999,
			0.32999999999999996,
			0.0,
			0.56999999999999995,
			1.1700000000000002,
			0.14999999999999999,
			0.14999999999999999,
			1.6500000000000001,
			1.23,
			1.29,
			2.3099999999999996,
			1.4099999999999999,
			1.23,
			1.77,
			0.98999999999999988,
			1.8300000000000001,
			2.0699999999999998,
			2.25,
			0.32999999999999996,
			1.8899999999999999,
			0.14999999999999999,
			1.05,
			1.95,
			2.1299999999999999,
			1.5900000000000001,
			2.3099999999999996,
			0.68999999999999995,
			0.20999999999999999,
			1.95,
			1.05,
			2.0699999999999998,
			0.56999999999999995,
			0.98999999999999988,
			0.14999999999999999,
			0.44999999999999996,
			0.98999999999999988,
			2.1899999999999999,
			0.39000000000000001,
			0.27000000000000002,
			1.05,
			0.0,
			2.25,
			1.95,
			0.20999999999999999,
			0.14999999999999999,
			1.4099999999999999,
			0.20999999999999999,
			0.74999999999999989,
			2.0699999999999998,
			0.68999999999999995,
			1.29,
			1.3500000000000001,
			1.6500000000000001,
			0.32999999999999996,
			1.8899999999999999,
			2.0099999999999998,
			1.05,
			1.71,
			1.23,
			0.98999999999999988,
			0.39000000000000001,
			0.0,
			0.14999999999999999,
			2.1299999999999999
		],
		[
			0.68999999999999995,
			1.47,
			1.77,
			1.8300000000000001,
			0.63,
			1.6500000000000001,
			0.68999999999999995,
			0.32999999999999996,
			1.77,
			1.71,
			0.32999999999999996,
			0.56999999999999995,
			0.0,
			0.68999999999999995,
			0.63,
			0.51000000000000001,
			1.1700000000000002,
			0.74999999999999989,
			0.80999999999999994,
			1.8300000000000001,
			0.92999999999999994,
			0.74999999999999989,
			1.29,
			0.51000000000000001,
			1.3500000000000001,
			1.5900000000000001,
			1.77,
			0.32999999999999996,
			1.4099999999999999,
			0.63,
			0.56999999999999995,
			1.47,
			1.6500000000000001,
			1.1100000000000001,
			1.8300000000000001,
			0.20999999999999999,
			0.44999999999999996,
			1.47,
			0.56999999999999995,
			1.5900000000000001,
			0.0,
			0.51000000000000001,
			0.63,
			0.20999999999999999,
			0.51000000000000001,
			1.71,
			0.27000000000000002,
			0.39000000000000001,
			0.56999999999999995,
			0.56999999999999995,
			1.77,
			1.47,
			0.44999999999999996,
			0.51000000000000001,
			0.92999999999999994,
			0.68999999999999995,
			0.27000000000000002,
			1.5900000000000001,
			0.20999999999999999,
			0.80999999999999994,
			0.87,
			1.1700000000000002,
			0.32999999999999996,
			1.4099999999999999,
			1.53,
			0.56999999999999995,
			1.23,
			0.74999999999999989,
			0.51000000000000001,
			0.27000000000000002,
			0.56999999999999995,
			0.51000000000000001,
			1.6500000000000001
		],
		[
			1.29,
			0.87,
			1.1700000000000002,
			1.23,
			1.23,
			1.05,
			0.0,
			0.44999999999999996,
			1.1700000000000002,
			1.1100000000000001,
			0.92999999999999994,
			1.1700000000000002,
			0.68999999999999995,
			0.0,
			1.23,
			1.1100000000000001,
			0.56999999999999995,
			0.14999999999999999,
			0.20999999999999999,
			1.23,
			0.32999999999999996,
			0.14999999999999999,
			0.68999999999999995,
			0.27000000000000002,
			0.74999999999999989,
			0.98999999999999988,
			1.1700000000000002,
			0.92999999999999994,
			0.80999999999999994,
			1.23,
			0.20999999999999999,
			0.87,
			1.05,
			0.51000000000000001,
			1.23,
			0.56999999999999995,
			1.05,
			0.87,
			0.20999999999999999,
			0.98999999999999988,
			0.68999999999999995,
			0.27000000000000002,
			1.23,
			0.80999999999999994,
			0.27000000000000002,
			1.1100000000000001,
			0.87,
			0.98999999999999988,
			0.20999999999999999,
			1.1700000000000002,
			1.1700000000000002,
			0.87,
			1.05,
			1.1100000000000001,
			0.32999999999999996,
			1.29,
			0.51000000000000001,
			0.98999999999999988,
			0.56999999999999995,
			0.20999999999999999,
			0.27000000000000002,
			0.56999999999999995,
			0.92999999999999994,
			0.80999999999999994,
			0.92999999999999994,
			0.20999999999999999,
			0.63,
			0.14999999999999999,
			0.27000000000000002,
			0.87,
			1.1700000000000002,
			1.1100000000000001,
			1.05
		],
		[
			0.14999999999999999,
			2.0099999999999998,
			2.3099999999999996,
			2.3699999999999997,
			0.0,
			2.1899999999999999,
			1.23,
			0.87,
			2.3099999999999996,
			2.25,
			0.39000000000000001,
			0.14999999999999999,
			0.63,
			1.23,
			0.0,
			0.20999999999999999,
			1.71,
			1.29,
			1.3500000000000001,
			2.3699999999999997,
			1.47,
			1.29,
			1.8300000000000001,
			1.05,
			1.8899999999999999,
			2.1299999999999999,
			2.3099999999999996,
			0.39000000000000001,
			1.95,
			0.0,
			1.1100000000000001,
			2.0099999999999998,
			2.1899999999999999,
			1.6500000000000001,
			2.3699999999999997,
			0.74999999999999989,
			0.27000000000000002,
			2.0099999999999998,
			1.1100000000000001,
			2.1299999999999999,
			0.63,
			1.05,
			0.0,
			0.51000000000000001,
			1.05,
			2.25,
			0.44999999999999996,
			0.32999999999999996,
			1.1100000000000001,
			0.14999999999999999,
			2.3099999999999996,
			2.0099999999999998,
			0.27000000000000002,
			0.20999999999999999,
			1.47,
			0.14999999999999999,
			0.80999999999999994,
			2.1299999999999999,
			0.74999999999999989,
			1.3500000000000001,
			1.4099999999999999,
			1.71,
			0.39000000000000001,
			1.95,
			2.0699999999999998,
			1.1100000000000001,
			1.77,
			1.29,
			1.05,
			0.44999999999999996,
			0.14999999999999999,
			0.20999999999999999,
			2.1899999999999999
		],
		[
			0.27000000000000002,
			1.8899999999999999,
			2.1899999999999999,
			2.25,
			0.20999999999999999,
			2.0699999999999998,
			1.1100000000000001,
			0.74999999999999989,
			2.1899999999999999,
			2.1299999999999999,
			0.27000000000000002,
			0.14999999999999999,
			0.51000000000000001,
			1.1100000000000001,
			0.20999999999999999,
			0.0,
			1.5900000000000001,
			1.1700000000000002,
			1.23,
			2.25,
			1.3500000000000001,
			1.1700000000000002,
			1.71,
			0.92999999999999994,
			1.77,
			2.0099999999999998,
			2.1899999999999999,
			0.27000000000000002,
			1.8300000000000001,
			0.20999999999999999,
			0.98999999999999988,
			1.8899999999999999,
			2.0699999999999998,
			1.53,
			2.25,
			0.63,
			0.14999999999999999,
			1.8899999999999999,
			0.98999999999999988,
			2.0099999999999998,
			0.51000000000000001,
			0.92999999999999994,
			0.20999999999999999,
			0.39000000000000001,
			0.92999999999999994,
			2.1299999999999999,
			0.32999999999999996,
			0.20999999999999999,
			0.98999999999999988,
			0.14999999999999999,
			2.1899999999999999,
			1.8899999999999999,
			0.14999999999999999,
			0.0,
			1.3500000000000001,
			0.27000000000000002,
			0.68999999999999995,
			2.0099999999999998,
			0.63,
			1.23,
			1.29,
			1.5900000000000001,
			0.27000000000000002,
			1.8300000000000001,
			1.95,
			0.98999999999999988,
			1.6500000000000001,
			1.1700000000000002,
			0.92999999999999994,
			0.32999999999999996,
			0.14999999999999999,
			0.0,
			2.0699999999999998
		],
		[
			1.77,
			0.39000000000000001,
			0.68999999999999995,
			0.74999999999999989,
			1.71,
			0.56999999999999995,
			0.56999999999999995,
			0.92999999999999994,
			0.68999999999999995,
			0.63,
			1.4099999999999999,
			1.6500000000000001,
			1.1700000000000002,
			0.56999999999999995,
			1.71,
			1.5900000000000001,
			0.0,
			0.51000000000000001,
			0.44999999999999996,
			0.74999999999999989,
			0.32999999999999996,
			0.51000000000000001,
			0.20999999999999999,
			0.74999999999999989,
			0.27000000000000002,
			0.51000000000000001,
			0.68999999999999995,
			1.4099999999999999,
			0.32999999999999996,
			1.71,
			0.68999999999999995,
			0.39000000000000001,
			0.56999999999999995,
			0.14999999999999999,
			0.74999999999999989,
			1.05,
			1.53,
			0.39000000000000001,
			0.68999999999999995,
			0.51000000000000001,
			1.1700000000000002,
			0.74999999999999989,
			1.71,
			1.29,
			0.74999999999999989,
			0.63,
			1.3500000000000001,
			1.47,
			0.68999999999999995,
			1.6500000000000001,
			0.68999999999999995,
			0.39000000000000001,
			1.53,
			1.5900000000000001,
			0.32999999999999996,
			1.77,
			0.98999999999999988,
			0.51000000000000001,
			1.05,
			0.44999999999999996,
			0.39000000000000001,
			0.0,
			1.4099999999999999,
			0.32999999999999996,
			0.44999999999999996,
			0.68999999999999995,
			0.14999999999999999,
			0.51000000000000001,
			0.74999999999999989,
			1.3500000000000001,
			1.6500000000000001,
			1.5900000000000001,
			0.56999999999999995
		],
		[
			1.3500000000000001,
			0.80999999999999994,
			1.1100000000000001,
			1.1700000000000002,
			1.29,
			0.98999999999999988,
			0.14999999999999999,
			0.51000000000000001,
			1.1100000000000001,
			1.05,
			0.98999999999999988,
			1.23,
			0.74999999999999989,
			0.14999999999999999,
			1.29,
			1.1700000000000002,
			0.51000000000000001,
			0.0,
			0.14999999999999999,
			1.1700000000000002,
			0.27000000000000002,
			0.0,
			0.63,
			0.32999999999999996,
			0.68999999999999995,
			0.92999999999999994,
			1.1100000000000001,
			0.98999999999999988,
			0.74999999999999989,
			1.29,
			0.27000000000000002,
			0.80999999999999994,
			0.98999999999999988,
			0.44999999999999996,
			1.1700000000000002,
			0.63,
			1.1100000000000001,
			0.80999999999999994,
			0.27000000000000002,
			0.92999999999999994,
			0.74999999999999989,
			0.32999999999999996,
			1.29,
			0.87,
			0.32999999999999996,
			1.05,
			0.92999999999999994,
			1.05,
			0.27000000000000002,
			1.23,
			1.1100000000000001,
			0.80999999999999994,
			1.1100000000000001,
			1.1700000000000002,
			0.27000000000000002,
			1.3500000000000001,
			0.56999999999999995,
			0.92999999999999994,
			0.63,
			0.14999999999999999,
			0.20999999999999999,
			0.51000000000000001,
			0.98999999999999988,
			0.74999999999999989,
			0.87,
			0.27000000000000002,
			0.56999999999999995,
			0.0,
