{
	"instance_setting" : 
	{
		"average_number_of_tasks_executed_by_yc_per_hour" : 18,
		"external_task_ratio" : 0.5,
		"instance_id" : 70,
		"number_of_external_tasks" : 36,
		"number_of_internal_tasks" : 36,
		"number_of_tasks" : 72,
		"planning_window_length_in_hours" : 4.0
	},
	"offline_optimal" : 891.69000000000051,
	"offline_solution_computation_time_in_seconds" : 1.1767481,
	"offline_solution_task_sequence" : 
	[
		0,
		1,
		37,
		38,
		2,
		3,
		39,
		40,
		4,
		42,
		5,
		6,
		44,
		41,
		43,
		45,
		46,
		7,
		47,
		48,
		8,
		49,
		9,
		50,
		51,
		52,
		10,
		11,
		53,
		12,
		54,
		55,
		13,
		14,
		15,
		16,
		56,
		17,
		18,
		21,
		19,
		20,
		60,
		62,
		23,
		22,
		59,
		24,
		25,
		58,
		27,
		65,
		29,
		26,
		30,
		28,
		31,
		63,
		32,
		61,
		33,
		64,
		34,
		57,
		69,
		68,
		36,
		66,
		67,
		35,
		71,
		70,
		72
	],
	"tasks" : 
	[
		{
			"due_date" : 0.0,
			"id" : 0,
			"is_internal" : true,
			"processing_time" : 0.0,
			"release_time" : 0.0,
			"tardiness_weight" : 0.0
		},
		{
			"due_date" : 2.1699999999999999,
			"id" : 1,
			"is_internal" : true,
			"processing_time" : 2.9199999999999999,
			"release_time" : 0.0,
			"tardiness_weight" : 3.0
		},
		{
			"due_date" : 14.74,
			"id" : 2,
			"is_internal" : true,
			"processing_time" : 3.5699999999999998,
			"release_time" : 9.4000000000000004,
			"tardiness_weight" : 3.0
		},
		{
			"due_date" : 16.5,
			"id" : 3,
			"is_internal" : true,
			"processing_time" : 2.8399999999999999,
			"release_time" : 11.1,
			"tardiness_weight" : 4.0
		},
		{
			"due_date" : 30.32,
			"id" : 4,
			"is_internal" : true,
			"processing_time" : 3.71,
			"release_time" : 24.57,
			"tardiness_weight" : 3.0
		},
		{
			"due_date" : 36.100000000000001,
			"id" : 5,
			"is_internal" : true,
			"processing_time" : 2.0099999999999998,
			"release_time" : 34.0,
			"tardiness_weight" : 4.0
		},
		{
			"due_date" : 37.219999999999999,
			"id" : 6,
			"is_internal" : true,
			"processing_time" : 2.9900000000000002,
			"release_time" : 31.460000000000001,
			"tardiness_weight" : 3.0
		},
		{
			"due_date" : 66.299999999999997,
			"id" : 7,
			"is_internal" : true,
			"processing_time" : 2.96,
			"release_time" : 62.899999999999999,
			"tardiness_weight" : 4.0
		},
		{
			"due_date" : 78.579999999999998,
			"id" : 8,
			"is_internal" : true,
			"processing_time" : 3.2999999999999998,
			"release_time" : 75.090000000000003,
			"tardiness_weight" : 4.0
		},
		{
			"due_date" : 82.480000000000004,
			"id" : 9,
			"is_internal" : true,
			"processing_time" : 2.9399999999999999,
			"release_time" : 76.5,
			"tardiness_weight" : 4.0
		},
		{
			"due_date" : 86.180000000000007,
			"id" : 10,
			"is_internal" : true,
			"processing_time" : 3.29,
			"release_time" : 81.920000000000002,
			"tardiness_weight" : 3.0
		},
		{
			"due_date" : 104.93000000000001,
			"id" : 11,
			"is_internal" : true,
			"processing_time" : 2.2799999999999998,
			"release_time" : 101.43000000000001,
			"tardiness_weight" : 3.0
		},
		{
			"due_date" : 113.40000000000001,
			"id" : 12,
			"is_internal" : true,
			"processing_time" : 3.7799999999999998,
			"release_time" : 107.40000000000001,
			"tardiness_weight" : 4.0
		},
		{
			"due_date" : 125.81999999999999,
			"id" : 13,
			"is_internal" : true,
			"processing_time" : 2.2000000000000002,
			"release_time" : 122.39,
			"tardiness_weight" : 3.0
		},
		{
			"due_date" : 127.56999999999999,
			"id" : 14,
			"is_internal" : true,
			"processing_time" : 3.2999999999999998,
			"release_time" : 122.79000000000001,
			"tardiness_weight" : 4.0
		},
		{
			"due_date" : 133.97,
			"id" : 15,
			"is_internal" : true,
			"processing_time" : 2.4700000000000002,
			"release_time" : 129.56999999999999,
			"tardiness_weight" : 4.0
		},
		{
			"due_date" : 136.30000000000001,
			"id" : 16,
			"is_internal" : true,
			"processing_time" : 3.46,
			"release_time" : 132.84,
			"tardiness_weight" : 3.0
		},
		{
			"due_date" : 145.25,
			"id" : 17,
			"is_internal" : true,
			"processing_time" : 3.1899999999999999,
			"release_time" : 140.50999999999999,
			"tardiness_weight" : 4.0
		},
		{
			"due_date" : 145.78,
			"id" : 18,
			"is_internal" : true,
			"processing_time" : 2.27,
			"release_time" : 141.91,
			"tardiness_weight" : 4.0
		},
		{
			"due_date" : 146.38,
			"id" : 19,
			"is_internal" : true,
			"processing_time" : 3.9700000000000002,
			"release_time" : 141.62,
			"tardiness_weight" : 3.0
		},
		{
			"due_date" : 147.47999999999999,
			"id" : 20,
			"is_internal" : true,
			"processing_time" : 3.46,
			"release_time" : 143.90000000000001,
			"tardiness_weight" : 4.0
		},
		{
			"due_date" : 149.66,
			"id" : 21,
			"is_internal" : true,
			"processing_time" : 2.77,
			"release_time" : 146.25999999999999,
			"tardiness_weight" : 4.0
		},
		{
			"due_date" : 159.52000000000001,
			"id" : 22,
			"is_internal" : true,
			"processing_time" : 3.5600000000000001,
			"release_time" : 153.62,
			"tardiness_weight" : 3.0
		},
		{
			"due_date" : 166.13999999999999,
			"id" : 23,
			"is_internal" : true,
			"processing_time" : 3.8500000000000001,
			"release_time" : 160.72,
			"tardiness_weight" : 3.0
		},
		{
			"due_date" : 175.66,
			"id" : 24,
			"is_internal" : true,
			"processing_time" : 2.4900000000000002,
			"release_time" : 169.93000000000001,
			"tardiness_weight" : 3.0
		},
		{
			"due_date" : 179.34999999999999,
			"id" : 25,
			"is_internal" : true,
			"processing_time" : 3.9300000000000002,
			"release_time" : 174.69999999999999,
			"tardiness_weight" : 4.0
		},
		{
			"due_date" : 183.87,
			"id" : 26,
			"is_internal" : true,
			"processing_time" : 3.9399999999999999,
			"release_time" : 178.97,
			"tardiness_weight" : 3.0
		},
		{
			"due_date" : 186.99000000000001,
			"id" : 27,
			"is_internal" : true,
			"processing_time" : 2.02,
			"release_time" : 183.28999999999999,
			"tardiness_weight" : 3.0
		},
		{
			"due_date" : 191.21000000000001,
			"id" : 28,
			"is_internal" : true,
			"processing_time" : 3.3399999999999999,
			"release_time" : 187.84,
			"tardiness_weight" : 3.0
		},
		{
			"due_date" : 191.43000000000001,
			"id" : 29,
			"is_internal" : true,
			"processing_time" : 2.8199999999999998,
			"release_time" : 186.72,
			"tardiness_weight" : 3.0
		},
		{
			"due_date" : 197.27000000000001,
			"id" : 30,
			"is_internal" : true,
			"processing_time" : 3.7200000000000002,
			"release_time" : 192.93000000000001,
			"tardiness_weight" : 4.0
		},
		{
			"due_date" : 203.33000000000001,
			"id" : 31,
			"is_internal" : true,
			"processing_time" : 3.8700000000000001,
			"release_time" : 197.80000000000001,
			"tardiness_weight" : 4.0
		},
		{
			"due_date" : 214.66999999999999,
			"id" : 32,
			"is_internal" : true,
			"processing_time" : 2.75,
			"release_time" : 210.06,
			"tardiness_weight" : 4.0
		},
		{
			"due_date" : 219.59,
			"id" : 33,
			"is_internal" : true,
			"processing_time" : 2.5600000000000001,
			"release_time" : 215.40000000000001,
			"tardiness_weight" : 3.0
		},
		{
			"due_date" : 224.75,
			"id" : 34,
			"is_internal" : true,
			"processing_time" : 3.4700000000000002,
			"release_time" : 220.86000000000001,
			"tardiness_weight" : 4.0
		},
		{
			"due_date" : 232.12,
			"id" : 35,
			"is_internal" : true,
			"processing_time" : 2.3100000000000001,
			"release_time" : 227.74000000000001,
			"tardiness_weight" : 3.0
		},
		{
			"due_date" : 235.63,
			"id" : 36,
			"is_internal" : true,
			"processing_time" : 3.6400000000000001,
			"release_time" : 230.27000000000001,
			"tardiness_weight" : 3.0
		},
		{
			"due_date" : 4.8900000000000006,
			"id" : 37,
			"is_internal" : false,
			"processing_time" : 2.0,
			"release_time" : 2.8900000000000001,
			"tardiness_weight" : 1.0
		},
		{
			"due_date" : 10.77,
			"id" : 38,
			"is_internal" : false,
			"processing_time" : 2.0,
			"release_time" : 8.7699999999999996,
			"tardiness_weight" : 1.0
		},
		{
			"due_date" : 20.199999999999999,
			"id" : 39,
			"is_internal" : false,
			"processing_time" : 2.0,
			"release_time" : 18.199999999999999,
			"tardiness_weight" : 1.0
		},
		{
			"due_date" : 25.809999999999999,
			"id" : 40,
			"is_internal" : false,
			"processing_time" : 2.0,
			"release_time" : 23.809999999999999,
			"tardiness_weight" : 1.0
		},
		{
			"due_date" : 29.25,
			"id" : 41,
			"is_internal" : false,
			"processing_time" : 2.0,
			"release_time" : 27.25,
			"tardiness_weight" : 1.0
		},
		{
			"due_date" : 31.300000000000001,
			"id" : 42,
			"is_internal" : false,
			"processing_time" : 2.0,
			"release_time" : 29.300000000000001,
			"tardiness_weight" : 1.0
		},
		{
			"due_date" : 33.68,
			"id" : 43,
			"is_internal" : false,
			"processing_time" : 2.0,
			"release_time" : 31.68,
			"tardiness_weight" : 1.0
		},
		{
			"due_date" : 39.770000000000003,
			"id" : 44,
			"is_internal" : false,
			"processing_time" : 2.0,
			"release_time" : 37.770000000000003,
			"tardiness_weight" : 1.0
		},
		{
			"due_date" : 44.009999999999998,
			"id" : 45,
			"is_internal" : false,
			"processing_time" : 2.0,
			"release_time" : 42.009999999999998,
			"tardiness_weight" : 1.0
		},
		{
			"due_date" : 57.799999999999997,
			"id" : 46,
			"is_internal" : false,
			"processing_time" : 2.0,
			"release_time" : 55.799999999999997,
			"tardiness_weight" : 1.0
		},
		{
			"due_date" : 63.119999999999997,
			"id" : 47,
			"is_internal" : false,
			"processing_time" : 2.0,
			"release_time" : 61.119999999999997,
			"tardiness_weight" : 1.0
		},
		{
			"due_date" : 68.299999999999997,
			"id" : 48,
			"is_internal" : false,
			"processing_time" : 2.0,
			"release_time" : 66.299999999999997,
			"tardiness_weight" : 1.0
		},
		{
			"due_date" : 80.109999999999999,
			"id" : 49,
			"is_internal" : false,
			"processing_time" : 2.0,
			"release_time" : 78.109999999999999,
			"tardiness_weight" : 1.0
		},
		{
			"due_date" : 81.340000000000003,
			"id" : 50,
			"is_internal" : false,
			"processing_time" : 2.0,
			"release_time" : 79.340000000000003,
			"tardiness_weight" : 1.0
		},
		{
			"due_date" : 83.579999999999998,
			"id" : 51,
			"is_internal" : false,
			"processing_time" : 2.0,
			"release_time" : 81.579999999999998,
			"tardiness_weight" : 1.0
		},
		{
			"due_date" : 88.760000000000005,
			"id" : 52,
			"is_internal" : false,
			"processing_time" : 2.0,
			"release_time" : 86.760000000000005,
			"tardiness_weight" : 1.0
		},
		{
			"due_date" : 106.01000000000001,
			"id" : 53,
			"is_internal" : false,
			"processing_time" : 2.0,
			"release_time" : 104.01000000000001,
			"tardiness_weight" : 1.0
		},
		{
			"due_date" : 112.59999999999999,
			"id" : 54,
			"is_internal" : false,
			"processing_time" : 2.0,
			"release_time" : 110.59999999999999,
			"tardiness_weight" : 1.0
		},
		{
			"due_date" : 120.45999999999999,
			"id" : 55,
			"is_internal" : false,
			"processing_time" : 2.0,
			"release_time" : 118.45999999999999,
			"tardiness_weight" : 1.0
		},
		{
			"due_date" : 134.16,
			"id" : 56,
			"is_internal" : false,
			"processing_time" : 2.0,
			"release_time" : 132.16,
			"tardiness_weight" : 1.0
		},
		{
			"due_date" : 142.06999999999999,
			"id" : 57,
			"is_internal" : false,
			"processing_time" : 2.0,
			"release_time" : 140.06999999999999,
			"tardiness_weight" : 1.0
		},
		{
			"due_date" : 152.87,
			"id" : 58,
			"is_internal" : false,
			"processing_time" : 2.0,
			"release_time" : 150.87,
			"tardiness_weight" : 1.0
		},
		{
			"due_date" : 158.43000000000001,
			"id" : 59,
			"is_internal" : false,
			"processing_time" : 2.0,
			"release_time" : 156.43000000000001,
			"tardiness_weight" : 1.0
		},
		{
			"due_date" : 159.19,
			"id" : 60,
			"is_internal" : false,
			"processing_time" : 2.0,
			"release_time" : 157.19,
			"tardiness_weight" : 1.0
		},
		{
			"due_date" : 159.63999999999999,
			"id" : 61,
			"is_internal" : false,
			"processing_time" : 2.0,
			"release_time" : 157.63999999999999,
			"tardiness_weight" : 1.0
		},
		{
			"due_date" : 160.83000000000001,
			"id" : 62,
			"is_internal" : false,
			"processing_time" : 2.0,
			"release_time" : 158.83000000000001,
			"tardiness_weight" : 1.0
		},
		{
			"due_date" : 176.56,
			"id" : 63,
			"is_internal" : false,
			"processing_time" : 2.0,
			"release_time" : 174.56,
			"tardiness_weight" : 1.0
		},
		{
			"due_date" : 184.71000000000001,
			"id" : 64,
			"is_internal" : false,
			"processing_time" : 2.0,
			"release_time" : 182.71000000000001,
			"tardiness_weight" : 1.0
		},
		{
			"due_date" : 185.13999999999999,
			"id" : 65,
			"is_internal" : false,
			"processing_time" : 2.0,
			"release_time" : 183.13999999999999,
			"tardiness_weight" : 1.0
		},
		{
			"due_date" : 185.22,
			"id" : 66,
			"is_internal" : false,
			"processing_time" : 2.0,
			"release_time" : 183.22,
			"tardiness_weight" : 1.0
		},
		{
			"due_date" : 196.19,
			"id" : 67,
			"is_internal" : false,
			"processing_time" : 2.0,
			"release_time" : 194.19,
			"tardiness_weight" : 1.0
		},
		{
			"due_date" : 210.86000000000001,
			"id" : 68,
			"is_internal" : false,
			"processing_time" : 2.0,
			"release_time" : 208.86000000000001,
			"tardiness_weight" : 1.0
		},
		{
			"due_date" : 212.62,
			"id" : 69,
			"is_internal" : false,
			"processing_time" : 2.0,
			"release_time" : 210.62,
			"tardiness_weight" : 1.0
		},
		{
			"due_date" : 225.61000000000001,
			"id" : 70,
			"is_internal" : false,
			"processing_time" : 2.0,
			"release_time" : 223.61000000000001,
			"tardiness_weight" : 1.0
		},
		{
			"due_date" : 232.19,
			"id" : 71,
			"is_internal" : false,
			"processing_time" : 2.0,
			"release_time" : 230.19,
			"tardiness_weight" : 1.0
		},
		{
			"due_date" : 240.78999999999999,
			"id" : 72,
			"is_internal" : false,
			"processing_time" : 2.0,
			"release_time" : 238.78999999999999,
			"tardiness_weight" : 1.0
		}
	],
	"time_adjacency_matrix" : 
	[
		[
			0.0,
			1.3500000000000001,
			1.29,
			0.56999999999999995,
			0.98999999999999988,
			0.14999999999999999,
			0.63,
			2.1299999999999999,
			0.39000000000000001,
			0.92999999999999994,
			0.20999999999999999,
			2.1299999999999999,
			1.4099999999999999,
			0.27000000000000002,
			2.4299999999999997,
			2.3099999999999996,
			2.3099999999999996,
			1.47,
			0.39000000000000001,
			0.63,
			1.05,
			0.27000000000000002,
			1.8899999999999999,
			1.77,
			1.77,
			2.25,
			0.56999999999999995,
			2.3099999999999996,
			0.20999999999999999,
			2.1899999999999999,
			0.27000000000000002,
			0.80999999999999994,
			0.51000000000000001,
			0.39000000000000001,
			0.20999999999999999,
			1.95,
			0.87,
			1.3500000000000001,
			1.4099999999999999,
			0.74999999999999989,
			1.8300000000000001,
			2.0699999999999998,
			0.39000000000000001,
			2.0699999999999998,
			2.0099999999999998,
			1.77,
			0.27000000000000002,
			1.23,
			1.71,
			0.27000000000000002,
			1.1100000000000001,
			1.47,
			1.47,
			2.3099999999999996,
			2.1899999999999999,
			0.20999999999999999,
			2.0699999999999998,
			0.0,
			2.25,
			1.77,
			0.92999999999999994,
			0.51000000000000001,
			1.29,
			0.63,
			0.39000000000000001,
			1.53,
			1.1700000000000002,
			1.23,
			0.63,
			0.0,
			1.29,
			1.8899999999999999,
			0.27000000000000002
		],
		[
			1.3500000000000001,
			0.0,
			0.14999999999999999,
			0.87,
			0.44999999999999996,
			1.29,
			0.80999999999999994,
			0.87,
			1.05,
			0.51000000000000001,
			1.23,
			0.87,
			0.14999999999999999,
			1.1700000000000002,
			1.1700000000000002,
			1.05,
			1.05,
			0.20999999999999999,
			1.05,
			0.80999999999999994,
			0.39000000000000001,
			1.1700000000000002,
			0.63,
			0.51000000000000001,
			0.51000000000000001,
			0.98999999999999988,
			0.87,
			1.05,
			1.23,
			0.92999999999999994,
			1.1700000000000002,
			0.63,
			0.92999999999999994,
			1.05,
			1.23,
			0.68999999999999995,
			0.56999999999999995,
			0.0,
			0.14999999999999999,
			0.68999999999999995,
			0.56999999999999995,
			0.80999999999999994,
			1.05,
			0.80999999999999994,
			0.74999999999999989,
			0.51000000000000001,
			1.1700000000000002,
			0.20999999999999999,
			0.44999999999999996,
			1.1700000000000002,
			0.32999999999999996,
			0.20999999999999999,
			0.20999999999999999,
			1.05,
			0.92999999999999994,
			1.23,
			0.80999999999999994,
			1.3500000000000001,
			0.98999999999999988,
			0.51000000000000001,
			0.51000000000000001,
			0.92999999999999994,
			0.14999999999999999,
			0.80999999999999994,
			1.05,
			0.27000000000000002,
			0.27000000000000002,
			0.20999999999999999,
			0.80999999999999994,
			1.3500000000000001,
			0.14999999999999999,
			0.63,
			1.1700000000000002
		],
		[
			1.29,
			0.14999999999999999,
			0.0,
			0.80999999999999994,
			0.39000000000000001,
			1.23,
			0.74999999999999989,
			0.92999999999999994,
			0.98999999999999988,
			0.44999999999999996,
			1.1700000000000002,
			0.92999999999999994,
			0.20999999999999999,
			1.1100000000000001,
			1.23,
			1.1100000000000001,
			1.1100000000000001,
			0.27000000000000002,
			0.98999999999999988,
			0.74999999999999989,
			0.32999999999999996,
			1.1100000000000001,
			0.68999999999999995,
			0.56999999999999995,
			0.56999999999999995,
			1.05,
			0.80999999999999994,
			1.1100000000000001,
			1.1700000000000002,
			0.98999999999999988,
			1.1100000000000001,
			0.56999999999999995,
			0.87,
			0.98999999999999988,
			1.1700000000000002,
			0.74999999999999989,
			0.51000000000000001,
			0.14999999999999999,
			0.20999999999999999,
			0.63,
			0.63,
			0.87,
			0.98999999999999988,
			0.87,
			0.80999999999999994,
			0.56999999999999995,
			1.1100000000000001,
			0.14999999999999999,
			0.51000000000000001,
			1.1100000000000001,
			0.27000000000000002,
			0.27000000000000002,
			0.27000000000000002,
			1.1100000000000001,
			0.98999999999999988,
			1.1700000000000002,
			0.87,
			1.29,
			1.05,
			0.56999999999999995,
			0.44999999999999996,
			0.87,
			0.0,
			0.74999999999999989,
			0.98999999999999988,
			0.32999999999999996,
			0.20999999999999999,
			0.14999999999999999,
			0.74999999999999989,
			1.29,
			0.0,
			0.68999999999999995,
			1.1100000000000001
		],
		[
			0.56999999999999995,
			0.87,
			0.80999999999999994,
			0.0,
			0.51000000000000001,
			0.51000000000000001,
			0.14999999999999999,
			1.6500000000000001,
			0.27000000000000002,
			0.44999999999999996,
			0.44999999999999996,
			1.6500000000000001,
			0.92999999999999994,
			0.39000000000000001,
			1.95,
			1.8300000000000001,
			1.8300000000000001,
			0.98999999999999988,
			0.27000000000000002,
			0.14999999999999999,
			0.56999999999999995,
			0.39000000000000001,
			1.4099999999999999,
			1.29,
			1.29,
			1.77,
			0.0,
			1.8300000000000001,
			0.44999999999999996,
			1.71,
			0.39000000000000001,
			0.32999999999999996,
			0.14999999999999999,
			0.27000000000000002,
			0.44999999999999996,
			1.47,
			0.39000000000000001,
			0.87,
			0.92999999999999994,
			0.27000000000000002,
			1.3500000000000001,
			1.5900000000000001,
			0.27000000000000002,
			1.5900000000000001,
			1.53,
			1.29,
			0.39000000000000001,
			0.74999999999999989,
			1.23,
			0.39000000000000001,
			0.63,
			0.98999999999999988,
			0.98999999999999988,
			1.8300000000000001,
			1.71,
			0.44999999999999996,
			1.5900000000000001,
			0.56999999999999995,
			1.77,
			1.29,
			0.44999999999999996,
			0.14999999999999999,
			0.80999999999999994,
			0.14999999999999999,
			0.27000000000000002,
			1.05,
			0.68999999999999995,
			0.74999999999999989,
			0.14999999999999999,
			0.56999999999999995,
			0.80999999999999994,
			1.4099999999999999,
			0.39000000000000001
		],
		[
			0.98999999999999988,
			0.44999999999999996,
			0.39000000000000001,
			0.51000000000000001,
			0.0,
			0.92999999999999994,
			0.44999999999999996,
			1.23,
			0.68999999999999995,
			0.14999999999999999,
			0.87,
			1.23,
			0.51000000000000001,
			0.80999999999999994,
			1.53,
			1.4099999999999999,
			1.4099999999999999,
			0.56999999999999995,
			0.68999999999999995,
			0.44999999999999996,
			0.14999999999999999,
			0.80999999999999994,
			0.98999999999999988,
			0.87,
			0.87,
			1.3500000000000001,
			0.51000000000000001,
			1.4099999999999999,
			0.87,
			1.29,
			0.80999999999999994,
			0.27000000000000002,
			0.56999999999999995,
			0.68999999999999995,
			0.87,
			1.05,
			0.20999999999999999,
			0.44999999999999996,
			0.51000000000000001,
			0.32999999999999996,
			0.92999999999999994,
			1.1700000000000002,
			0.68999999999999995,
			1.1700000000000002,
			1.1100000000000001,
			0.87,
			0.80999999999999994,
			0.32999999999999996,
			0.80999999999999994,
			0.80999999999999994,
			0.20999999999999999,
			0.56999999999999995,
			0.56999999999999995,
			1.4099999999999999,
			1.29,
			0.87,
			1.1700000000000002,
			0.98999999999999988,
			1.3500000000000001,
			0.87,
			0.14999999999999999,
			0.56999999999999995,
			0.39000000000000001,
			0.44999999999999996,
			0.68999999999999995,
			0.63,
			0.27000000000000002,
			0.32999999999999996,
			0.44999999999999996,
			0.98999999999999988,
			0.39000000000000001,
			0.98999999999999988,
			0.80999999999999994
		],
		[
			0.14999999999999999,
			1.29,
			1.23,
			0.51000000000000001,
			0.92999999999999994,
			0.0,
			0.56999999999999995,
			2.0699999999999998,
			0.32999999999999996,
			0.87,
			0.14999999999999999,
			2.0699999999999998,
			1.3500000000000001,
			0.20999999999999999,
			2.3699999999999997,
			2.25,
			2.25,
			1.4099999999999999,
			0.32999999999999996,
			0.56999999999999995,
			0.98999999999999988,
			0.20999999999999999,
			1.8300000000000001,
			1.71,
			1.71,
			2.1899999999999999,
			0.51000000000000001,
			2.25,
			0.14999999999999999,
			2.1299999999999999,
			0.20999999999999999,
			0.74999999999999989,
			0.44999999999999996,
			0.32999999999999996,
			0.14999999999999999,
			1.8899999999999999,
			0.80999999999999994,
			1.29,
			1.3500000000000001,
			0.68999999999999995,
			1.77,
			2.0099999999999998,
			0.32999999999999996,
			2.0099999999999998,
			1.95,
			1.71,
			0.20999999999999999,
			1.1700000000000002,
			1.6500000000000001,
			0.20999999999999999,
			1.05,
			1.4099999999999999,
			1.4099999999999999,
			2.25,
			2.1299999999999999,
			0.14999999999999999,
			2.0099999999999998,
			0.14999999999999999,
			2.1899999999999999,
			1.71,
			0.87,
			0.44999999999999996,
			1.23,
			0.56999999999999995,
			0.32999999999999996,
			1.47,
			1.1100000000000001,
			1.1700000000000002,
			0.56999999999999995,
			0.14999999999999999,
			1.23,
			1.8300000000000001,
			0.20999999999999999
		],
		[
			0.63,
			0.80999999999999994,
			0.74999999999999989,
			0.14999999999999999,
			0.44999999999999996,
			0.56999999999999995,
			0.0,
			1.5900000000000001,
			0.32999999999999996,
			0.39000000000000001,
			0.51000000000000001,
			1.5900000000000001,
			0.87,
			0.44999999999999996,
			1.8899999999999999,
			1.77,
			1.77,
			0.92999999999999994,
			0.32999999999999996,
			0.0,
			0.51000000000000001,
			0.44999999999999996,
			1.3500000000000001,
			1.23,
			1.23,
			1.71,
			0.14999999999999999,
			1.77,
			0.51000000000000001,
			1.6500000000000001,
			0.44999999999999996,
			0.27000000000000002,
			0.20999999999999999,
			0.32999999999999996,
			0.51000000000000001,
			1.4099999999999999,
			0.32999999999999996,
			0.80999999999999994,
			0.87,
			0.20999999999999999,
			1.29,
			1.53,
			0.32999999999999996,
			1.53,
			1.47,
			1.23,
			0.44999999999999996,
			0.68999999999999995,
			1.1700000000000002,
			0.44999999999999996,
			0.56999999999999995,
			0.92999999999999994,
			0.92999999999999994,
			1.77,
			1.6500000000000001,
			0.51000000000000001,
			1.53,
			0.63,
			1.71,
			1.23,
			0.39000000000000001,
			0.20999999999999999,
			0.74999999999999989,
			0.0,
			0.32999999999999996,
			0.98999999999999988,
			0.63,
			0.68999999999999995,
			0.0,
			0.63,
			0.74999999999999989,
			1.3500000000000001,
			0.44999999999999996
		],
		[
			2.1299999999999999,
			0.87,
			0.92999999999999994,
			1.6500000000000001,
			1.23,
			2.0699999999999998,
			1.5900000000000001,
			0.0,
			1.8300000000000001,
			1.29,
			2.0099999999999998,
			0.0,
			0.80999999999999994,
			1.95,
			0.39000000000000001,
			0.27000000000000002,
			0.27000000000000002,
			0.74999999999999989,
			1.8300000000000001,
			1.5900000000000001,
			1.1700000000000002,
			1.95,
			0.32999999999999996,
			0.44999999999999996,
			0.44999999999999996,
			0.20999999999999999,
			1.6500000000000001,
			0.27000000000000002,
			2.0099999999999998,
			0.14999999999999999,
			1.95,
			1.4099999999999999,
			1.71,
			1.8300000000000001,
			2.0099999999999998,
			0.27000000000000002,
			1.3500000000000001,
			0.87,
			0.80999999999999994,
			1.47,
			0.39000000000000001,
			0.14999999999999999,
			1.8300000000000001,
			0.14999999999999999,
			0.20999999999999999,
			0.44999999999999996,
			1.95,
			0.98999999999999988,
			0.51000000000000001,
			1.95,
			1.1100000000000001,
			0.74999999999999989,
			0.74999999999999989,
			0.27000000000000002,
			0.14999999999999999,
			2.0099999999999998,
			0.14999999999999999,
			2.1299999999999999,
			0.20999999999999999,
			0.44999999999999996,
			1.29,
			1.71,
			0.92999999999999994,
			1.5900000000000001,
			1.8300000000000001,
			0.68999999999999995,
			1.05,
			0.98999999999999988,
			1.5900000000000001,
			2.1299999999999999,
			0.92999999999999994,
			0.32999999999999996,
			1.95
		],
		[
			0.39000000000000001,
			1.05,
			0.98999999999999988,
			0.27000000000000002,
			0.68999999999999995,
			0.32999999999999996,
			0.32999999999999996,
			1.8300000000000001,
			0.0,
			0.63,
			0.27000000000000002,
			1.8300000000000001,
			1.1100000000000001,
			0.20999999999999999,
			2.1299999999999999,
			2.0099999999999998,
			2.0099999999999998,
			1.1700000000000002,
			0.0,
			0.32999999999999996,
			0.74999999999999989,
			0.20999999999999999,
			1.5900000000000001,
			1.47,
			1.47,
			1.95,
			0.27000000000000002,
			2.0099999999999998,
			0.27000000000000002,
			1.8899999999999999,
			0.20999999999999999,
			0.51000000000000001,
			0.20999999999999999,
			0.0,
			0.27000000000000002,
			1.6500000000000001,
			0.56999999999999995,
			1.05,
			1.1100000000000001,
			0.44999999999999996,
			1.53,
			1.77,
			0.0,
			1.77,
			1.71,
			1.47,
			0.20999999999999999,
			0.92999999999999994,
			1.4099999999999999,
			0.20999999999999999,
			0.80999999999999994,
			1.1700000000000002,
			1.1700000000000002,
			2.0099999999999998,
			1.8899999999999999,
			0.27000000000000002,
			1.77,
			0.39000000000000001,
			1.95,
			1.47,
			0.63,
			0.20999999999999999,
			0.98999999999999988,
			0.32999999999999996,
			0.0,
			1.23,
			0.87,
			0.92999999999999994,
			0.32999999999999996,
			0.39000000000000001,
			0.98999999999999988,
			1.5900000000000001,
			0.20999999999999999
		],
		[
			0.92999999999999994,
			0.51000000000000001,
			0.44999999999999996,
			0.44999999999999996,
			0.14999999999999999,
			0.87,
			0.39000000000000001,
			1.29,
			0.63,
			0.0,
			0.80999999999999994,
			1.29,
			0.56999999999999995,
			0.74999999999999989,
			1.5900000000000001,
			1.47,
			1.47,
			0.63,
			0.63,
			0.39000000000000001,
			0.20999999999999999,
			0.74999999999999989,
			1.05,
			0.92999999999999994,
			0.92999999999999994,
			1.4099999999999999,
			0.44999999999999996,
			1.47,
			0.80999999999999994,
			1.3500000000000001,
			0.74999999999999989,
			0.20999999999999999,
			0.51000000000000001,
			0.63,
			0.80999999999999994,
			1.1100000000000001,
			0.14999999999999999,
			0.51000000000000001,
			0.56999999999999995,
			0.27000000000000002,
			0.98999999999999988,
			1.23,
			0.63,
			1.23,
			1.1700000000000002,
			0.92999999999999994,
			0.74999999999999989,
			0.39000000000000001,
			0.87,
			0.74999999999999989,
			0.27000000000000002,
			0.63,
			0.63,
			1.47,
			1.3500000000000001,
			0.80999999999999994,
			1.23,
			0.92999999999999994,
			1.4099999999999999,
			0.92999999999999994,
			0.0,
			0.51000000000000001,
			0.44999999999999996,
			0.39000000000000001,
			0.63,
			0.68999999999999995,
			0.32999999999999996,
			0.39000000000000001,
			0.39000000000000001,
			0.92999999999999994,
			0.44999999999999996,
			1.05,
			0.74999999999999989
		],
		[
			0.20999999999999999,
			1.23,
			1.1700000000000002,
			0.44999999999999996,
			0.87,
			0.14999999999999999,
			0.51000000000000001,
			2.0099999999999998,
			0.27000000000000002,
			0.80999999999999994,
			0.0,
			2.0099999999999998,
			1.29,
			0.14999999999999999,
			2.3099999999999996,
			2.1899999999999999,
			2.1899999999999999,
			1.3500000000000001,
			0.27000000000000002,
			0.51000000000000001,
			0.92999999999999994,
			0.14999999999999999,
			1.77,
			1.6500000000000001,
			1.6500000000000001,
			2.1299999999999999,
			0.44999999999999996,
			2.1899999999999999,
			0.0,
			2.0699999999999998,
			0.14999999999999999,
			0.68999999999999995,
			0.39000000000000001,
			0.27000000000000002,
			0.0,
			1.8300000000000001,
			0.74999999999999989,
			1.23,
			1.29,
			0.63,
			1.71,
			1.95,
			0.27000000000000002,
			1.95,
			1.8899999999999999,
			1.6500000000000001,
			0.14999999999999999,
			1.1100000000000001,
			1.5900000000000001,
			0.14999999999999999,
			0.98999999999999988,
			1.3500000000000001,
			1.3500000000000001,
			2.1899999999999999,
			2.0699999999999998,
			0.0,
			1.95,
			0.20999999999999999,
			2.1299999999999999,
			1.6500000000000001,
			0.80999999999999994,
			0.39000000000000001,
			1.1700000000000002,
			0.51000000000000001,
			0.27000000000000002,
			1.4099999999999999,
			1.05,
			1.1100000000000001,
			0.51000000000000001,
			0.20999999999999999,
			1.1700000000000002,
			1.77,
			0.14999999999999999
		],
		[
			2.1299999999999999,
			0.87,
			0.92999999999999994,
			1.6500000000000001,
			1.23,
			2.0699999999999998,
			1.5900000000000001,
			0.0,
			1.8300000000000001,
			1.29,
			2.0099999999999998,
			0.0,
			0.80999999999999994,
			1.95,
			0.39000000000000001,
			0.27000000000000002,
			0.27000000000000002,
			0.74999999999999989,
			1.8300000000000001,
			1.5900000000000001,
			1.1700000000000002,
			1.95,
			0.32999999999999996,
			0.44999999999999996,
			0.44999999999999996,
			0.20999999999999999,
			1.6500000000000001,
			0.27000000000000002,
			2.0099999999999998,
			0.14999999999999999,
			1.95,
			1.4099999999999999,
			1.71,
			1.8300000000000001,
			2.0099999999999998,
			0.27000000000000002,
			1.3500000000000001,
			0.87,
			0.80999999999999994,
			1.47,
			0.39000000000000001,
			0.14999999999999999,
			1.8300000000000001,
			0.14999999999999999,
			0.20999999999999999,
			0.44999999999999996,
			1.95,
			0.98999999999999988,
			0.51000000000000001,
			1.95,
			1.1100000000000001,
			0.74999999999999989,
			0.74999999999999989,
			0.27000000000000002,
			0.14999999999999999,
			2.0099999999999998,
			0.14999999999999999,
			2.1299999999999999,
			0.20999999999999999,
			0.44999999999999996,
			1.29,
			1.71,
			0.92999999999999994,
			1.5900000000000001,
			1.8300000000000001,
			0.68999999999999995,
			1.05,
			0.98999999999999988,
			1.5900000000000001,
			2.1299999999999999,
			0.92999999999999994,
			0.32999999999999996,
			1.95
		],
		[
			1.4099999999999999,
			0.14999999999999999,
			0.20999999999999999,
			0.92999999999999994,
			0.51000000000000001,
			1.3500000000000001,
			0.87,
			0.80999999999999994,
			1.1100000000000001,
			0.56999999999999995,
			1.29,
			0.80999999999999994,
			0.0,
			1.23,
			1.1100000000000001,
			0.98999999999999988,
			0.98999999999999988,
			0.14999999999999999,
			1.1100000000000001,
			0.87,
			0.44999999999999996,
			1.23,
			0.56999999999999995,
			0.44999999999999996,
			0.44999999999999996,
			0.92999999999999994,
			0.92999999999999994,
			0.98999999999999988,
			1.29,
			0.87,
			1.23,
			0.68999999999999995,
			0.98999999999999988,
			1.1100000000000001,
			1.29,
			0.63,
			0.63,
			0.14999999999999999,
			0.0,
			0.74999999999999989,
			0.51000000000000001,
			0.74999999999999989,
			1.1100000000000001,
			0.74999999999999989,
			0.68999999999999995,
			0.44999999999999996,
			1.23,
			0.27000000000000002,
			0.39000000000000001,
			1.23,
			0.39000000000000001,
			0.14999999999999999,
			0.14999999999999999,
			0.98999999999999988,
			0.87,
			1.29,
			0.74999999999999989,
			1.4099999999999999,
			0.92999999999999994,
			0.44999999999999996,
			0.56999999999999995,
			0.98999999999999988,
			0.20999999999999999,
			0.87,
			1.1100000000000001,
			0.20999999999999999,
			0.32999999999999996,
			0.27000000000000002,
			0.87,
			1.4099999999999999,
			0.20999999999999999,
			0.56999999999999995,
			1.23
		],
		[
			0.27000000000000002,
			1.1700000000000002,
			1.1100000000000001,
			0.39000000000000001,
			0.80999999999999994,
			0.20999999999999999,
			0.44999999999999996,
			1.95,
			0.20999999999999999,
			0.74999999999999989,
			0.14999999999999999,
			1.95,
			1.23,
			0.0,
			2.25,
			2.1299999999999999,
			2.1299999999999999,
			1.29,
			0.20999999999999999,
			0.44999999999999996,
			0.87,
			0.0,
			1.71,
			1.5900000000000001,
			1.5900000000000001,
			2.0699999999999998,
			0.39000000000000001,
			2.1299999999999999,
			0.14999999999999999,
			2.0099999999999998,
			0.0,
			0.63,
			0.32999999999999996,
			0.20999999999999999,
			0.14999999999999999,
			1.77,
			0.68999999999999995,
			1.1700000000000002,
			1.23,
			0.56999999999999995,
			1.6500000000000001,
			1.8899999999999999,
			0.20999999999999999,
			1.8899999999999999,
			1.8300000000000001,
			1.5900000000000001,
			0.0,
			1.05,
			1.53,
			0.0,
			0.92999999999999994,
			1.29,
			1.29,
			2.1299999999999999,
			2.0099999999999998,
			0.14999999999999999,
			1.8899999999999999,
			0.27000000000000002,
			2.0699999999999998,
			1.5900000000000001,
			0.74999999999999989,
			0.32999999999999996,
			1.1100000000000001,
			0.44999999999999996,
			0.20999999999999999,
			1.3500000000000001,
			0.98999999999999988,
			1.05,
			0.44999999999999996,
			0.27000000000000002,
			1.1100000000000001,
			1.71,
			0.0
		],
		[
			2.4299999999999997,
			1.1700000000000002,
			1.23,
			1.95,
			1.53,
			2.3699999999999997,
			1.8899999999999999,
			0.39000000000000001,
			2.1299999999999999,
			1.5900000000000001,
			2.3099999999999996,
			0.39000000000000001,
			1.1100000000000001,
			2.25,
			0.0,
			0.20999999999999999,
			0.20999999999999999,
			1.05,
			2.1299999999999999,
			1.8899999999999999,
			1.47,
			2.25,
			0.63,
			0.74999999999999989,
			0.74999999999999989,
			0.27000000000000002,
			1.95,
			0.20999999999999999,
			2.3099999999999996,
			0.32999999999999996,
			2.25,
			1.71,
			2.0099999999999998,
			2.1299999999999999,
			2.3099999999999996,
			0.56999999999999995,
			1.6500000000000001,
			1.1700000000000002,
			1.1100000000000001,
			1.77,
			0.68999999999999995,
			0.44999999999999996,
			2.1299999999999999,
			0.44999999999999996,
			0.51000000000000001,
			0.74999999999999989,
			2.25,
			1.29,
			0.80999999999999994,
			2.25,
			1.4099999999999999,
			1.05,
			1.05,
			0.20999999999999999,
			0.32999999999999996,
			2.3099999999999996,
			0.44999999999999996,
			2.4299999999999997,
			0.27000000000000002,
			0.74999999999999989,
			1.5900000000000001,
			2.0099999999999998,
			1.23,
			1.8899999999999999,
			2.1299999999999999,
			0.98999999999999988,
			1.3500000000000001,
			1.29,
			1.8899999999999999,
			2.4299999999999997,
			1.23,
			0.63,
			2.25
		],
		[
			2.3099999999999996,
			1.05,
			1.1100000000000001,
			1.8300000000000001,
			1.4099999999999999,
			2.25,
			1.77,
			0.27000000000000002,
			2.0099999999999998,
			1.47,
			2.1899999999999999,
			0.27000000000000002,
			0.98999999999999988,
			2.1299999999999999,
			0.20999999999999999,
			0.0,
			0.0,
			0.92999999999999994,
			2.0099999999999998,
			1.77,
			1.3500000000000001,
			2.1299999999999999,
			0.51000000000000001,
			0.63,
			0.63,
			0.14999999999999999,
			1.8300000000000001,
			0.0,
			2.1899999999999999,
			0.20999999999999999,
			2.1299999999999999,
			1.5900000000000001,
			1.8899999999999999,
			2.0099999999999998,
			2.1899999999999999,
			0.44999999999999996,
			1.53,
			1.05,
			0.98999999999999988,
			1.6500000000000001,
			0.56999999999999995,
			0.32999999999999996,
			2.0099999999999998,
			0.32999999999999996,
			0.39000000000000001,
			0.63,
			2.1299999999999999,
			1.1700000000000002,
			0.68999999999999995,
			2.1299999999999999,
			1.29,
			0.92999999999999994,
			0.92999999999999994,
			0.0,
			0.20999999999999999,
			2.1899999999999999,
			0.32999999999999996,
			2.3099999999999996,
			0.14999999999999999,
			0.63,
			1.47,
			1.8899999999999999,
			1.1100000000000001,
			1.77,
			2.0099999999999998,
			0.87,
			1.23,
			1.1700000000000002,
			1.77,
			2.3099999999999996,
			1.1100000000000001,
			0.51000000000000001,
			2.1299999999999999
		],
		[
			2.3099999999999996,
			1.05,
			1.1100000000000001,
			1.8300000000000001,
			1.4099999999999999,
			2.25,
			1.77,
			0.27000000000000002,
			2.0099999999999998,
			1.47,
			2.1899999999999999,
			0.27000000000000002,
			0.98999999999999988,
			2.1299999999999999,
			0.20999999999999999,
			0.0,
			0.0,
			0.92999999999999994,
			2.0099999999999998,
			1.77,
			1.3500000000000001,
			2.1299999999999999,
			0.51000000000000001,
			0.63,
			0.63,
			0.14999999999999999,
			1.8300000000000001,
			0.0,
			2.1899999999999999,
			0.20999999999999999,
			2.1299999999999999,
			1.5900000000000001,
			1.8899999999999999,
			2.0099999999999998,
			2.1899999999999999,
			0.44999999999999996,
			1.53,
			1.05,
			0.98999999999999988,
			1.6500000000000001,
			0.56999999999999995,
			0.32999999999999996,
			2.0099999999999998,
			0.32999999999999996,
			0.39000000000000001,
			0.63,
			2.1299999999999999,
			1.1700000000000002,
			0.68999999999999995,
			2.1299999999999999,
			1.29,
			0.92999999999999994,
			0.92999999999999994,
			0.0,
			0.20999999999999999,
			2.1899999999999999,
			0.32999999999999996,
			2.3099999999999996,
			0.14999999999999999,
			0.63,
			1.47,
			1.8899999999999999,
			1.1100000000000001,
			1.77,
			2.0099999999999998,
			0.87,
			1.23,
			1.1700000000000002,
			1.77,
			2.3099999999999996,
			1.1100000000000001,
			0.51000000000000001,
			2.1299999999999999
		],
		[
			1.47,
			0.20999999999999999,
			0.27000000000000002,
			0.98999999999999988,
			0.56999999999999995,
			1.4099999999999999,
			0.92999999999999994,
			0.74999999999999989,
			1.1700000000000002,
			0.63,
			1.3500000000000001,
			0.74999999999999989,
			0.14999999999999999,
			1.29,
			1.05,
			0.92999999999999994,
			0.92999999999999994,
			0.0,
			1.1700000000000002,
			0.92999999999999994,
			0.51000000000000001,
			1.29,
			0.51000000000000001,
			0.39000000000000001,
			0.39000000000000001,
			0.87,
			0.98999999999999988,
			0.92999999999999994,
			1.3500000000000001,
			0.80999999999999994,
			1.29,
			0.74999999999999989,
			1.05,
			1.1700000000000002,
			1.3500000000000001,
			0.56999999999999995,
			0.68999999999999995,
			0.20999999999999999,
			0.14999999999999999,
			0.80999999999999994,
			0.44999999999999996,
			0.68999999999999995,
			1.1700000000000002,
			0.68999999999999995,
			0.63,
			0.39000000000000001,
			1.29,
			0.32999999999999996,
			0.32999999999999996,
			1.29,
			0.44999999999999996,
			0.0,
			0.0,
			0.92999999999999994,
			0.80999999999999994,
			1.3500000000000001,
			0.68999999999999995,
			1.47,
			0.87,
			0.39000000000000001,
			0.63,
			1.05,
			0.27000000000000002,
			0.92999999999999994,
			1.1700000000000002,
			0.14999999999999999,
			0.39000000000000001,
			0.32999999999999996,
			0.92999999999999994,
			1.47,
			0.27000000000000002,
			0.51000000000000001,
			1.29
		],
		[
			0.39000000000000001,
			1.05,
			0.98999999999999988,
			0.27000000000000002,
			0.68999999999999995,
			0.32999999999999996,
			0.32999999999999996,
			1.8300000000000001,
			0.0,
			0.63,
			0.27000000000000002,
			1.8300000000000001,
			1.1100000000000001,
			0.20999999999999999,
			2.1299999999999999,
			2.0099999999999998,
			2.0099999999999998,
			1.1700000000000002,
