{
	"instance_setting" : 
	{
		"average_number_of_tasks_executed_by_yc_per_hour" : 18,
		"external_task_ratio" : 0.10000000000000001,
		"instance_id" : 13,
		"number_of_external_tasks" : 8,
		"number_of_internal_tasks" : 64,
		"number_of_tasks" : 72,
		"planning_window_length_in_hours" : 4.0
	},
	"offline_optimal" : 1002.2500000000005,
	"offline_solution_computation_time_in_seconds" : 1.8206281,
	"offline_solution_task_sequence" : 
	[
		0,
		1,
		2,
		3,
		5,
		4,
		6,
		7,
		8,
		9,
		67,
		10,
		12,
		13,
		11,
		17,
		16,
		15,
		18,
		19,
		14,
		65,
		20,
		66,
		21,
		22,
		24,
		23,
		25,
		27,
		28,
		26,
		31,
		29,
		30,
		33,
		32,
		34,
		35,
		37,
		36,
		38,
		40,
		39,
		41,
		42,
		44,
		45,
		43,
		46,
		47,
		68,
		69,
		48,
		49,
		50,
		51,
		52,
		70,
		53,
		54,
		56,
		55,
		58,
		59,
		60,
		61,
		62,
		63,
		57,
		64,
		72,
		71
	],
	"tasks" : 
	[
		{
			"due_date" : 0.0,
			"id" : 0,
			"is_internal" : true,
			"processing_time" : 0.0,
			"release_time" : 0.0,
			"tardiness_weight" : 0.0
		},
		{
			"due_date" : 5.8600000000000003,
			"id" : 1,
			"is_internal" : true,
			"processing_time" : 3.4100000000000001,
			"release_time" : 0.60999999999999999,
			"tardiness_weight" : 3.0
		},
		{
			"due_date" : 8.1600000000000001,
			"id" : 2,
			"is_internal" : true,
			"processing_time" : 2.9500000000000002,
			"release_time" : 4.0800000000000001,
			"tardiness_weight" : 4.0
		},
		{
			"due_date" : 13.140000000000001,
			"id" : 3,
			"is_internal" : true,
			"processing_time" : 3.5299999999999998,
			"release_time" : 7.4299999999999997,
			"tardiness_weight" : 3.0
		},
		{
			"due_date" : 13.359999999999999,
			"id" : 4,
			"is_internal" : true,
			"processing_time" : 3.4199999999999999,
			"release_time" : 8.5700000000000003,
			"tardiness_weight" : 3.0
		},
		{
			"due_date" : 15.5,
			"id" : 5,
			"is_internal" : true,
			"processing_time" : 2.9700000000000002,
			"release_time" : 10.029999999999999,
			"tardiness_weight" : 4.0
		},
		{
			"due_date" : 21.530000000000001,
			"id" : 6,
			"is_internal" : true,
			"processing_time" : 2.1000000000000001,
			"release_time" : 16.670000000000002,
			"tardiness_weight" : 3.0
		},
		{
			"due_date" : 26.719999999999999,
			"id" : 7,
			"is_internal" : true,
			"processing_time" : 3.9300000000000002,
			"release_time" : 20.84,
			"tardiness_weight" : 4.0
		},
		{
			"due_date" : 27.829999999999998,
			"id" : 8,
			"is_internal" : true,
			"processing_time" : 3.23,
			"release_time" : 23.82,
			"tardiness_weight" : 3.0
		},
		{
			"due_date" : 35.340000000000003,
			"id" : 9,
			"is_internal" : true,
			"processing_time" : 2.5499999999999998,
			"release_time" : 30.109999999999999,
			"tardiness_weight" : 3.0
		},
		{
			"due_date" : 42.939999999999998,
			"id" : 10,
			"is_internal" : true,
			"processing_time" : 2.7200000000000002,
			"release_time" : 37.420000000000002,
			"tardiness_weight" : 4.0
		},
		{
			"due_date" : 43.920000000000002,
			"id" : 11,
			"is_internal" : true,
			"processing_time" : 2.8700000000000001,
			"release_time" : 40.539999999999999,
			"tardiness_weight" : 3.0
		},
		{
			"due_date" : 44.439999999999998,
			"id" : 12,
			"is_internal" : true,
			"processing_time" : 3.3300000000000001,
			"release_time" : 39.280000000000001,
			"tardiness_weight" : 3.0
		},
		{
			"due_date" : 44.759999999999998,
			"id" : 13,
			"is_internal" : true,
			"processing_time" : 2.02,
			"release_time" : 39.329999999999998,
			"tardiness_weight" : 4.0
		},
		{
			"due_date" : 50.619999999999997,
			"id" : 14,
			"is_internal" : true,
			"processing_time" : 3.6800000000000002,
			"release_time" : 45.039999999999999,
			"tardiness_weight" : 3.0
		},
		{
			"due_date" : 53.82,
			"id" : 15,
			"is_internal" : true,
			"processing_time" : 3.02,
			"release_time" : 49.07,
			"tardiness_weight" : 4.0
		},
		{
			"due_date" : 54.939999999999998,
			"id" : 16,
			"is_internal" : true,
			"processing_time" : 2.5299999999999998,
			"release_time" : 51.409999999999997,
			"tardiness_weight" : 4.0
		},
		{
			"due_date" : 55.850000000000001,
			"id" : 17,
			"is_internal" : true,
			"processing_time" : 3.46,
			"release_time" : 50.210000000000001,
			"tardiness_weight" : 4.0
		},
		{
			"due_date" : 56.07,
			"id" : 18,
			"is_internal" : true,
			"processing_time" : 2.54,
			"release_time" : 50.390000000000001,
			"tardiness_weight" : 3.0
		},
		{
			"due_date" : 67.390000000000001,
			"id" : 19,
			"is_internal" : true,
			"processing_time" : 3.2400000000000002,
			"release_time" : 62.890000000000001,
			"tardiness_weight" : 4.0
		},
		{
			"due_date" : 73.799999999999997,
			"id" : 20,
			"is_internal" : true,
			"processing_time" : 2.23,
			"release_time" : 71.409999999999997,
			"tardiness_weight" : 3.0
		},
		{
			"due_date" : 80.489999999999995,
			"id" : 21,
			"is_internal" : true,
			"processing_time" : 2.4100000000000001,
			"release_time" : 77.090000000000003,
			"tardiness_weight" : 4.0
		},
		{
			"due_date" : 84.120000000000005,
			"id" : 22,
			"is_internal" : true,
			"processing_time" : 2.4300000000000002,
			"release_time" : 78.939999999999998,
			"tardiness_weight" : 3.0
		},
		{
			"due_date" : 85.890000000000001,
			"id" : 23,
			"is_internal" : true,
			"processing_time" : 3.9900000000000002,
			"release_time" : 80.819999999999993,
			"tardiness_weight" : 3.0
		},
		{
			"due_date" : 86.700000000000003,
			"id" : 24,
			"is_internal" : true,
			"processing_time" : 3.6499999999999999,
			"release_time" : 82.329999999999998,
			"tardiness_weight" : 4.0
		},
		{
			"due_date" : 87.069999999999993,
			"id" : 25,
			"is_internal" : true,
			"processing_time" : 2.6200000000000001,
			"release_time" : 82.560000000000002,
			"tardiness_weight" : 3.0
		},
		{
			"due_date" : 95.849999999999994,
			"id" : 26,
			"is_internal" : true,
			"processing_time" : 3.3700000000000001,
			"release_time" : 90.560000000000002,
			"tardiness_weight" : 3.0
		},
		{
			"due_date" : 97.959999999999994,
			"id" : 27,
			"is_internal" : true,
			"processing_time" : 2.4900000000000002,
			"release_time" : 92.599999999999994,
			"tardiness_weight" : 3.0
		},
		{
			"due_date" : 99.939999999999998,
			"id" : 28,
			"is_internal" : true,
			"processing_time" : 3.0899999999999999,
			"release_time" : 94.25,
			"tardiness_weight" : 4.0
		},
		{
			"due_date" : 103.18000000000001,
			"id" : 29,
			"is_internal" : true,
			"processing_time" : 2.6600000000000001,
			"release_time" : 98.829999999999998,
			"tardiness_weight" : 3.0
		},
		{
			"due_date" : 105.84999999999999,
			"id" : 30,
			"is_internal" : true,
			"processing_time" : 3.5,
			"release_time" : 101.45,
			"tardiness_weight" : 3.0
		},
		{
			"due_date" : 106.31,
			"id" : 31,
			"is_internal" : true,
			"processing_time" : 3.98,
			"release_time" : 100.58,
			"tardiness_weight" : 4.0
		},
		{
			"due_date" : 117.25,
			"id" : 32,
			"is_internal" : true,
			"processing_time" : 2.8300000000000001,
			"release_time" : 112.73,
			"tardiness_weight" : 3.0
		},
		{
			"due_date" : 120.72,
			"id" : 33,
			"is_internal" : true,
			"processing_time" : 2.7799999999999998,
			"release_time" : 117.7,
			"tardiness_weight" : 4.0
		},
		{
			"due_date" : 123.75,
			"id" : 34,
			"is_internal" : true,
			"processing_time" : 2.5899999999999999,
			"release_time" : 120.42,
			"tardiness_weight" : 3.0
		},
		{
			"due_date" : 131.56999999999999,
			"id" : 35,
			"is_internal" : true,
			"processing_time" : 3.8999999999999999,
			"release_time" : 127.09999999999999,
			"tardiness_weight" : 3.0
		},
		{
			"due_date" : 137.36000000000001,
			"id" : 36,
			"is_internal" : true,
			"processing_time" : 2.4100000000000001,
			"release_time" : 134.49000000000001,
			"tardiness_weight" : 3.0
		},
		{
			"due_date" : 139.30000000000001,
			"id" : 37,
			"is_internal" : true,
			"processing_time" : 2.5499999999999998,
			"release_time" : 134.09999999999999,
			"tardiness_weight" : 4.0
		},
		{
			"due_date" : 140.27000000000001,
			"id" : 38,
			"is_internal" : true,
			"processing_time" : 2.4100000000000001,
			"release_time" : 135.5,
			"tardiness_weight" : 4.0
		},
		{
			"due_date" : 140.53999999999999,
			"id" : 39,
			"is_internal" : true,
			"processing_time" : 2.0899999999999999,
			"release_time" : 135.52000000000001,
			"tardiness_weight" : 3.0
		},
		{
			"due_date" : 143.58000000000001,
			"id" : 40,
			"is_internal" : true,
			"processing_time" : 2.1099999999999999,
			"release_time" : 139.06,
			"tardiness_weight" : 4.0
		},
		{
			"due_date" : 146.25999999999999,
			"id" : 41,
			"is_internal" : true,
			"processing_time" : 2.6800000000000002,
			"release_time" : 140.72,
			"tardiness_weight" : 4.0
		},
		{
			"due_date" : 150.38999999999999,
			"id" : 42,
			"is_internal" : true,
			"processing_time" : 3.23,
			"release_time" : 144.72,
			"tardiness_weight" : 4.0
		},
		{
			"due_date" : 156.28,
			"id" : 43,
			"is_internal" : true,
			"processing_time" : 3.6299999999999999,
			"release_time" : 152.13999999999999,
			"tardiness_weight" : 4.0
		},
		{
			"due_date" : 156.72,
			"id" : 44,
			"is_internal" : true,
			"processing_time" : 2.4100000000000001,
			"release_time" : 153.94999999999999,
			"tardiness_weight" : 3.0
		},
		{
			"due_date" : 157.78999999999999,
			"id" : 45,
			"is_internal" : true,
			"processing_time" : 3.27,
			"release_time" : 152.37,
			"tardiness_weight" : 3.0
		},
		{
			"due_date" : 169.31,
			"id" : 46,
			"is_internal" : true,
			"processing_time" : 2.6099999999999999,
			"release_time" : 166.00999999999999,
			"tardiness_weight" : 3.0
		},
		{
			"due_date" : 169.36000000000001,
			"id" : 47,
			"is_internal" : true,
			"processing_time" : 2.8799999999999999,
			"release_time" : 165.46000000000001,
			"tardiness_weight" : 3.0
		},
		{
			"due_date" : 184.44999999999999,
			"id" : 48,
			"is_internal" : true,
			"processing_time" : 3.98,
			"release_time" : 179.34,
			"tardiness_weight" : 4.0
		},
		{
			"due_date" : 185.97999999999999,
			"id" : 49,
			"is_internal" : true,
			"processing_time" : 2.8900000000000001,
			"release_time" : 183.00999999999999,
			"tardiness_weight" : 4.0
		},
		{
			"due_date" : 189.75,
			"id" : 50,
			"is_internal" : true,
			"processing_time" : 3.3700000000000001,
			"release_time" : 183.87,
			"tardiness_weight" : 3.0
		},
		{
			"due_date" : 190.74000000000001,
			"id" : 51,
			"is_internal" : true,
			"processing_time" : 2.6499999999999999,
			"release_time" : 186.25,
			"tardiness_weight" : 3.0
		},
		{
			"due_date" : 192.69999999999999,
			"id" : 52,
			"is_internal" : true,
			"processing_time" : 2.8700000000000001,
			"release_time" : 188.77000000000001,
			"tardiness_weight" : 4.0
		},
		{
			"due_date" : 201.13,
			"id" : 53,
			"is_internal" : true,
			"processing_time" : 2.1699999999999999,
			"release_time" : 198.80000000000001,
			"tardiness_weight" : 3.0
		},
		{
			"due_date" : 204.59999999999999,
			"id" : 54,
			"is_internal" : true,
			"processing_time" : 3.2200000000000002,
			"release_time" : 200.47999999999999,
			"tardiness_weight" : 4.0
		},
		{
			"due_date" : 206.50999999999999,
			"id" : 55,
			"is_internal" : true,
			"processing_time" : 3.3900000000000001,
			"release_time" : 201.90000000000001,
			"tardiness_weight" : 3.0
		},
		{
			"due_date" : 206.97999999999999,
			"id" : 56,
			"is_internal" : true,
			"processing_time" : 2.04,
			"release_time" : 201.02000000000001,
			"tardiness_weight" : 3.0
		},
		{
			"due_date" : 215.38999999999999,
			"id" : 57,
			"is_internal" : true,
			"processing_time" : 3.8100000000000001,
			"release_time" : 209.78,
			"tardiness_weight" : 4.0
		},
		{
			"due_date" : 217.05000000000001,
			"id" : 58,
			"is_internal" : true,
			"processing_time" : 3.3500000000000001,
			"release_time" : 212.27000000000001,
			"tardiness_weight" : 4.0
		},
		{
			"due_date" : 219.63,
			"id" : 59,
			"is_internal" : true,
			"processing_time" : 3.9199999999999999,
			"release_time" : 214.37,
			"tardiness_weight" : 4.0
		},
		{
			"due_date" : 226.22,
			"id" : 60,
			"is_internal" : true,
			"processing_time" : 2.2999999999999998,
			"release_time" : 220.47,
			"tardiness_weight" : 4.0
		},
		{
			"due_date" : 228.25,
			"id" : 61,
			"is_internal" : true,
			"processing_time" : 3.4700000000000002,
			"release_time" : 224.56999999999999,
			"tardiness_weight" : 4.0
		},
		{
			"due_date" : 230.0,
			"id" : 62,
			"is_internal" : true,
			"processing_time" : 3.1499999999999999,
			"release_time" : 224.0,
			"tardiness_weight" : 4.0
		},
		{
			"due_date" : 233.63999999999999,
			"id" : 63,
			"is_internal" : true,
			"processing_time" : 2.52,
			"release_time" : 231.08000000000001,
			"tardiness_weight" : 4.0
		},
		{
			"due_date" : 235.91999999999999,
			"id" : 64,
			"is_internal" : true,
			"processing_time" : 3.0699999999999998,
			"release_time" : 230.63999999999999,
			"tardiness_weight" : 4.0
		},
		{
			"due_date" : 5.8100000000000005,
			"id" : 65,
			"is_internal" : false,
			"processing_time" : 2.0,
			"release_time" : 3.8100000000000001,
			"tardiness_weight" : 1.0
		},
		{
			"due_date" : 26.039999999999999,
			"id" : 66,
			"is_internal" : false,
			"processing_time" : 2.0,
			"release_time" : 24.039999999999999,
			"tardiness_weight" : 1.0
		},
		{
			"due_date" : 33.18,
			"id" : 67,
			"is_internal" : false,
			"processing_time" : 2.0,
			"release_time" : 31.18,
			"tardiness_weight" : 1.0
		},
		{
			"due_date" : 147.12,
			"id" : 68,
			"is_internal" : false,
			"processing_time" : 2.0,
			"release_time" : 145.12,
			"tardiness_weight" : 1.0
		},
		{
			"due_date" : 154.02000000000001,
			"id" : 69,
			"is_internal" : false,
			"processing_time" : 2.0,
			"release_time" : 152.02000000000001,
			"tardiness_weight" : 1.0
		},
		{
			"due_date" : 192.15000000000001,
			"id" : 70,
			"is_internal" : false,
			"processing_time" : 2.0,
			"release_time" : 190.15000000000001,
			"tardiness_weight" : 1.0
		},
		{
			"due_date" : 234.78999999999999,
			"id" : 71,
			"is_internal" : false,
			"processing_time" : 2.0,
			"release_time" : 232.78999999999999,
			"tardiness_weight" : 1.0
		},
		{
			"due_date" : 238.28999999999999,
			"id" : 72,
			"is_internal" : false,
			"processing_time" : 2.0,
			"release_time" : 236.28999999999999,
			"tardiness_weight" : 1.0
		}
	],
	"time_adjacency_matrix" : 
	[
		[
			0.0,
			0.92999999999999994,
			0.80999999999999994,
			0.14999999999999999,
			2.25,
			1.05,
			1.95,
			1.23,
			0.14999999999999999,
			0.92999999999999994,
			1.23,
			0.39000000000000001,
			1.23,
			0.39000000000000001,
			1.77,
			0.98999999999999988,
			0.74999999999999989,
			0.68999999999999995,
			1.3500000000000001,
			1.71,
			1.77,
			0.32999999999999996,
			0.68999999999999995,
			0.68999999999999995,
			0.68999999999999995,
			0.39000000000000001,
			1.71,
			0.44999999999999996,
			1.53,
			0.87,
			1.1100000000000001,
			2.1899999999999999,
			1.53,
			1.05,
			2.25,
			1.77,
			1.3500000000000001,
			2.0099999999999998,
			0.63,
			0.20999999999999999,
			0.39000000000000001,
			1.3500000000000001,
			2.4299999999999997,
			1.47,
			2.25,
			1.71,
			1.47,
			1.47,
			1.47,
			2.0099999999999998,
			1.47,
			1.23,
			0.20999999999999999,
			1.6500000000000001,
			1.95,
			0.63,
			0.87,
			1.4099999999999999,
			0.92999999999999994,
			0.63,
			0.74999999999999989,
			0.0,
			0.0,
			0.56999999999999995,
			1.71,
			1.77,
			1.8899999999999999,
			0.68999999999999995,
			1.1100000000000001,
			2.1899999999999999,
			1.1100000000000001,
			1.05,
			1.5900000000000001
		],
		[
			0.92999999999999994,
			0.0,
			0.20999999999999999,
			0.87,
			1.4099999999999999,
			0.20999999999999999,
			1.1100000000000001,
			0.39000000000000001,
			0.87,
			0.0,
			0.39000000000000001,
			0.63,
			0.39000000000000001,
			0.63,
			0.92999999999999994,
			0.14999999999999999,
			0.27000000000000002,
			0.32999999999999996,
			0.51000000000000001,
			0.87,
			0.92999999999999994,
			0.68999999999999995,
			0.32999999999999996,
			0.32999999999999996,
			0.32999999999999996,
			0.63,
			0.87,
			0.56999999999999995,
			0.68999999999999995,
			0.14999999999999999,
			0.27000000000000002,
			1.3500000000000001,
			0.68999999999999995,
			0.20999999999999999,
			1.4099999999999999,
			0.92999999999999994,
			0.51000000000000001,
			1.1700000000000002,
			0.39000000000000001,
			0.80999999999999994,
			0.63,
			0.51000000000000001,
			1.5900000000000001,
			0.63,
			1.4099999999999999,
			0.87,
			0.63,
			0.63,
			0.63,
			1.1700000000000002,
			0.63,
			0.39000000000000001,
			0.80999999999999994,
			0.80999999999999994,
			1.1100000000000001,
			0.39000000000000001,
			0.14999999999999999,
			0.56999999999999995,
			0.0,
			0.39000000000000001,
			0.27000000000000002,
			0.92999999999999994,
			0.92999999999999994,
			0.44999999999999996,
			0.87,
			0.92999999999999994,
			1.05,
			0.32999999999999996,
			0.27000000000000002,
			1.3500000000000001,
			0.27000000000000002,
			0.20999999999999999,
			0.74999999999999989
		],
		[
			0.80999999999999994,
			0.20999999999999999,
			0.0,
			0.74999999999999989,
			1.53,
			0.32999999999999996,
			1.23,
			0.51000000000000001,
			0.74999999999999989,
			0.20999999999999999,
			0.51000000000000001,
			0.51000000000000001,
			0.51000000000000001,
			0.51000000000000001,
			1.05,
			0.27000000000000002,
			0.14999999999999999,
			0.20999999999999999,
			0.63,
			0.98999999999999988,
			1.05,
			0.56999999999999995,
			0.20999999999999999,
			0.20999999999999999,
			0.20999999999999999,
			0.51000000000000001,
			0.98999999999999988,
			0.44999999999999996,
			0.80999999999999994,
			0.14999999999999999,
			0.39000000000000001,
			1.47,
			0.80999999999999994,
			0.32999999999999996,
			1.53,
			1.05,
			0.63,
			1.29,
			0.27000000000000002,
			0.68999999999999995,
			0.51000000000000001,
			0.63,
			1.71,
			0.74999999999999989,
			1.53,
			0.98999999999999988,
			0.74999999999999989,
			0.74999999999999989,
			0.74999999999999989,
			1.29,
			0.74999999999999989,
			0.51000000000000001,
			0.68999999999999995,
			0.92999999999999994,
			1.23,
			0.27000000000000002,
			0.14999999999999999,
			0.68999999999999995,
			0.20999999999999999,
			0.27000000000000002,
			0.14999999999999999,
			0.80999999999999994,
			0.80999999999999994,
			0.32999999999999996,
			0.98999999999999988,
			1.05,
			1.1700000000000002,
			0.20999999999999999,
			0.39000000000000001,
			1.47,
			0.39000000000000001,
			0.32999999999999996,
			0.87
		],
		[
			0.14999999999999999,
			0.87,
			0.74999999999999989,
			0.0,
			2.1899999999999999,
			0.98999999999999988,
			1.8899999999999999,
			1.1700000000000002,
			0.0,
			0.87,
			1.1700000000000002,
			0.32999999999999996,
			1.1700000000000002,
			0.32999999999999996,
			1.71,
			0.92999999999999994,
			0.68999999999999995,
			0.63,
			1.29,
			1.6500000000000001,
			1.71,
			0.27000000000000002,
			0.63,
			0.63,
			0.63,
			0.32999999999999996,
			1.6500000000000001,
			0.39000000000000001,
			1.47,
			0.80999999999999994,
			1.05,
			2.1299999999999999,
			1.47,
			0.98999999999999988,
			2.1899999999999999,
			1.71,
			1.29,
			1.95,
			0.56999999999999995,
			0.14999999999999999,
			0.32999999999999996,
			1.29,
			2.3699999999999997,
			1.4099999999999999,
			2.1899999999999999,
			1.6500000000000001,
			1.4099999999999999,
			1.4099999999999999,
			1.4099999999999999,
			1.95,
			1.4099999999999999,
			1.1700000000000002,
			0.14999999999999999,
			1.5900000000000001,
			1.8899999999999999,
			0.56999999999999995,
			0.80999999999999994,
			1.3500000000000001,
			0.87,
			0.56999999999999995,
			0.68999999999999995,
			0.14999999999999999,
			0.14999999999999999,
			0.51000000000000001,
			1.6500000000000001,
			1.71,
			1.8300000000000001,
			0.63,
			1.05,
			2.1299999999999999,
			1.05,
			0.98999999999999988,
			1.53
		],
		[
			2.25,
			1.4099999999999999,
			1.53,
			2.1899999999999999,
			0.0,
			1.29,
			0.39000000000000001,
			1.1100000000000001,
			2.1899999999999999,
			1.4099999999999999,
			1.1100000000000001,
			1.95,
			1.1100000000000001,
			1.95,
			0.56999999999999995,
			1.3500000000000001,
			1.5900000000000001,
			1.6500000000000001,
			0.98999999999999988,
			0.63,
			0.56999999999999995,
			2.0099999999999998,
			1.6500000000000001,
			1.6500000000000001,
			1.6500000000000001,
			1.95,
			0.63,
			1.8899999999999999,
			0.80999999999999994,
			1.47,
			1.23,
			0.14999999999999999,
			0.80999999999999994,
			1.29,
			0.0,
			0.56999999999999995,
			0.98999999999999988,
			0.32999999999999996,
			1.71,
			2.1299999999999999,
			1.95,
			0.98999999999999988,
			0.27000000000000002,
			0.87,
			0.0,
			0.63,
			0.87,
			0.87,
			0.87,
			0.32999999999999996,
			0.87,
			1.1100000000000001,
			2.1299999999999999,
			0.68999999999999995,
			0.39000000000000001,
			1.71,
			1.47,
			0.92999999999999994,
			1.4099999999999999,
			1.71,
			1.5900000000000001,
			2.25,
			2.25,
			1.77,
			0.63,
			0.56999999999999995,
			0.44999999999999996,
			1.6500000000000001,
			1.23,
			0.14999999999999999,
			1.23,
			1.29,
			0.74999999999999989
		],
		[
			1.05,
			0.20999999999999999,
			0.32999999999999996,
			0.98999999999999988,
			1.29,
			0.0,
			0.98999999999999988,
			0.27000000000000002,
			0.98999999999999988,
			0.20999999999999999,
			0.27000000000000002,
			0.74999999999999989,
			0.27000000000000002,
			0.74999999999999989,
			0.80999999999999994,
			0.14999999999999999,
			0.39000000000000001,
			0.44999999999999996,
			0.39000000000000001,
			0.74999999999999989,
			0.80999999999999994,
			0.80999999999999994,
			0.44999999999999996,
			0.44999999999999996,
			0.44999999999999996,
			0.74999999999999989,
			0.74999999999999989,
			0.68999999999999995,
			0.56999999999999995,
			0.27000000000000002,
			0.14999999999999999,
			1.23,
			0.56999999999999995,
			0.0,
			1.29,
			0.80999999999999994,
			0.39000000000000001,
			1.05,
			0.51000000000000001,
			0.92999999999999994,
			0.74999999999999989,
			0.39000000000000001,
			1.47,
			0.51000000000000001,
			1.29,
			0.74999999999999989,
			0.51000000000000001,
			0.51000000000000001,
			0.51000000000000001,
			1.05,
			0.51000000000000001,
			0.27000000000000002,
			0.92999999999999994,
			0.68999999999999995,
			0.98999999999999988,
			0.51000000000000001,
			0.27000000000000002,
			0.44999999999999996,
			0.20999999999999999,
			0.51000000000000001,
			0.39000000000000001,
			1.05,
			1.05,
			0.56999999999999995,
			0.74999999999999989,
			0.80999999999999994,
			0.92999999999999994,
			0.44999999999999996,
			0.14999999999999999,
			1.23,
			0.14999999999999999,
			0.0,
			0.63
		],
		[
			1.95,
			1.1100000000000001,
			1.23,
			1.8899999999999999,
			0.39000000000000001,
			0.98999999999999988,
			0.0,
			0.80999999999999994,
			1.8899999999999999,
			1.1100000000000001,
			0.80999999999999994,
			1.6500000000000001,
			0.80999999999999994,
			1.6500000000000001,
			0.27000000000000002,
			1.05,
			1.29,
			1.3500000000000001,
			0.68999999999999995,
			0.32999999999999996,
			0.27000000000000002,
			1.71,
			1.3500000000000001,
			1.3500000000000001,
			1.3500000000000001,
			1.6500000000000001,
			0.32999999999999996,
			1.5900000000000001,
			0.51000000000000001,
			1.1700000000000002,
			0.92999999999999994,
			0.32999999999999996,
			0.51000000000000001,
			0.98999999999999988,
			0.39000000000000001,
			0.27000000000000002,
			0.68999999999999995,
			0.14999999999999999,
			1.4099999999999999,
			1.8300000000000001,
			1.6500000000000001,
			0.68999999999999995,
			0.56999999999999995,
			0.56999999999999995,
			0.39000000000000001,
			0.32999999999999996,
			0.56999999999999995,
			0.56999999999999995,
			0.56999999999999995,
			0.14999999999999999,
			0.56999999999999995,
			0.80999999999999994,
			1.8300000000000001,
			0.39000000000000001,
			0.0,
			1.4099999999999999,
			1.1700000000000002,
			0.63,
			1.1100000000000001,
			1.4099999999999999,
			1.29,
			1.95,
			1.95,
			1.47,
			0.32999999999999996,
			0.27000000000000002,
			0.14999999999999999,
			1.3500000000000001,
			0.92999999999999994,
			0.32999999999999996,
			0.92999999999999994,
			0.98999999999999988,
			0.44999999999999996
		],
		[
			1.23,
			0.39000000000000001,
			0.51000000000000001,
			1.1700000000000002,
			1.1100000000000001,
			0.27000000000000002,
			0.80999999999999994,
			0.0,
			1.1700000000000002,
			0.39000000000000001,
			0.0,
			0.92999999999999994,
			0.0,
			0.92999999999999994,
			0.63,
			0.32999999999999996,
			0.56999999999999995,
			0.63,
			0.20999999999999999,
			0.56999999999999995,
			0.63,
			0.98999999999999988,
			0.63,
			0.63,
			0.63,
			0.92999999999999994,
			0.56999999999999995,
			0.87,
			0.39000000000000001,
			0.44999999999999996,
			0.20999999999999999,
			1.05,
			0.39000000000000001,
			0.27000000000000002,
			1.1100000000000001,
			0.63,
			0.20999999999999999,
			0.87,
			0.68999999999999995,
			1.1100000000000001,
			0.92999999999999994,
			0.20999999999999999,
			1.29,
			0.32999999999999996,
			1.1100000000000001,
			0.56999999999999995,
			0.32999999999999996,
			0.32999999999999996,
			0.32999999999999996,
			0.87,
			0.32999999999999996,
			0.0,
			1.1100000000000001,
			0.51000000000000001,
			0.80999999999999994,
			0.68999999999999995,
			0.44999999999999996,
			0.27000000000000002,
			0.39000000000000001,
			0.68999999999999995,
			0.56999999999999995,
			1.23,
			1.23,
			0.74999999999999989,
			0.56999999999999995,
			0.63,
			0.74999999999999989,
			0.63,
			0.20999999999999999,
			1.05,
			0.20999999999999999,
			0.27000000000000002,
			0.44999999999999996
		],
		[
			0.14999999999999999,
			0.87,
			0.74999999999999989,
			0.0,
			2.1899999999999999,
			0.98999999999999988,
			1.8899999999999999,
			1.1700000000000002,
			0.0,
			0.87,
			1.1700000000000002,
			0.32999999999999996,
			1.1700000000000002,
			0.32999999999999996,
			1.71,
			0.92999999999999994,
			0.68999999999999995,
			0.63,
			1.29,
			1.6500000000000001,
			1.71,
			0.27000000000000002,
			0.63,
			0.63,
			0.63,
			0.32999999999999996,
			1.6500000000000001,
			0.39000000000000001,
			1.47,
			0.80999999999999994,
			1.05,
			2.1299999999999999,
			1.47,
			0.98999999999999988,
			2.1899999999999999,
			1.71,
			1.29,
			1.95,
			0.56999999999999995,
			0.14999999999999999,
			0.32999999999999996,
			1.29,
			2.3699999999999997,
			1.4099999999999999,
			2.1899999999999999,
			1.6500000000000001,
			1.4099999999999999,
			1.4099999999999999,
			1.4099999999999999,
			1.95,
			1.4099999999999999,
			1.1700000000000002,
			0.14999999999999999,
			1.5900000000000001,
			1.8899999999999999,
			0.56999999999999995,
			0.80999999999999994,
			1.3500000000000001,
			0.87,
			0.56999999999999995,
			0.68999999999999995,
			0.14999999999999999,
			0.14999999999999999,
			0.51000000000000001,
			1.6500000000000001,
			1.71,
			1.8300000000000001,
			0.63,
			1.05,
			2.1299999999999999,
			1.05,
			0.98999999999999988,
			1.53
		],
		[
			0.92999999999999994,
			0.0,
			0.20999999999999999,
			0.87,
			1.4099999999999999,
			0.20999999999999999,
			1.1100000000000001,
			0.39000000000000001,
			0.87,
			0.0,
			0.39000000000000001,
			0.63,
			0.39000000000000001,
			0.63,
			0.92999999999999994,
			0.14999999999999999,
			0.27000000000000002,
			0.32999999999999996,
			0.51000000000000001,
			0.87,
			0.92999999999999994,
			0.68999999999999995,
			0.32999999999999996,
			0.32999999999999996,
			0.32999999999999996,
			0.63,
			0.87,
			0.56999999999999995,
			0.68999999999999995,
			0.14999999999999999,
			0.27000000000000002,
			1.3500000000000001,
			0.68999999999999995,
			0.20999999999999999,
			1.4099999999999999,
			0.92999999999999994,
			0.51000000000000001,
			1.1700000000000002,
			0.39000000000000001,
			0.80999999999999994,
			0.63,
			0.51000000000000001,
			1.5900000000000001,
			0.63,
			1.4099999999999999,
			0.87,
			0.63,
			0.63,
			0.63,
			1.1700000000000002,
			0.63,
			0.39000000000000001,
			0.80999999999999994,
			0.80999999999999994,
			1.1100000000000001,
			0.39000000000000001,
			0.14999999999999999,
			0.56999999999999995,
			0.0,
			0.39000000000000001,
			0.27000000000000002,
			0.92999999999999994,
			0.92999999999999994,
			0.44999999999999996,
			0.87,
			0.92999999999999994,
			1.05,
			0.32999999999999996,
			0.27000000000000002,
			1.3500000000000001,
			0.27000000000000002,
			0.20999999999999999,
			0.74999999999999989
		],
		[
			1.23,
			0.39000000000000001,
			0.51000000000000001,
			1.1700000000000002,
			1.1100000000000001,
			0.27000000000000002,
			0.80999999999999994,
			0.0,
			1.1700000000000002,
			0.39000000000000001,
			0.0,
			0.92999999999999994,
			0.0,
			0.92999999999999994,
			0.63,
			0.32999999999999996,
			0.56999999999999995,
			0.63,
			0.20999999999999999,
			0.56999999999999995,
			0.63,
			0.98999999999999988,
			0.63,
			0.63,
			0.63,
			0.92999999999999994,
			0.56999999999999995,
			0.87,
			0.39000000000000001,
			0.44999999999999996,
			0.20999999999999999,
			1.05,
			0.39000000000000001,
			0.27000000000000002,
			1.1100000000000001,
			0.63,
			0.20999999999999999,
			0.87,
			0.68999999999999995,
			1.1100000000000001,
			0.92999999999999994,
			0.20999999999999999,
			1.29,
			0.32999999999999996,
			1.1100000000000001,
			0.56999999999999995,
			0.32999999999999996,
			0.32999999999999996,
			0.32999999999999996,
			0.87,
			0.32999999999999996,
			0.0,
			1.1100000000000001,
			0.51000000000000001,
			0.80999999999999994,
			0.68999999999999995,
			0.44999999999999996,
			0.27000000000000002,
			0.39000000000000001,
			0.68999999999999995,
			0.56999999999999995,
			1.23,
			1.23,
			0.74999999999999989,
			0.56999999999999995,
			0.63,
			0.74999999999999989,
			0.63,
			0.20999999999999999,
			1.05,
			0.20999999999999999,
			0.27000000000000002,
			0.44999999999999996
		],
		[
			0.39000000000000001,
			0.63,
			0.51000000000000001,
			0.32999999999999996,
			1.95,
			0.74999999999999989,
			1.6500000000000001,
			0.92999999999999994,
			0.32999999999999996,
			0.63,
			0.92999999999999994,
			0.0,
			0.92999999999999994,
			0.0,
			1.47,
			0.68999999999999995,
			0.44999999999999996,
			0.39000000000000001,
			1.05,
			1.4099999999999999,
			1.47,
			0.14999999999999999,
			0.39000000000000001,
			0.39000000000000001,
			0.39000000000000001,
			0.0,
			1.4099999999999999,
			0.14999999999999999,
			1.23,
			0.56999999999999995,
			0.80999999999999994,
			1.8899999999999999,
			1.23,
			0.74999999999999989,
			1.95,
			1.47,
			1.05,
			1.71,
			0.32999999999999996,
			0.27000000000000002,
			0.0,
			1.05,
			2.1299999999999999,
			1.1700000000000002,
			1.95,
			1.4099999999999999,
			1.1700000000000002,
			1.1700000000000002,
			1.1700000000000002,
			1.71,
			1.1700000000000002,
			0.92999999999999994,
			0.27000000000000002,
			1.3500000000000001,
			1.6500000000000001,
			0.32999999999999996,
			0.56999999999999995,
			1.1100000000000001,
			0.63,
			0.32999999999999996,
			0.44999999999999996,
			0.39000000000000001,
			0.39000000000000001,
			0.27000000000000002,
			1.4099999999999999,
			1.47,
			1.5900000000000001,
			0.39000000000000001,
			0.80999999999999994,
			1.8899999999999999,
			0.80999999999999994,
			0.74999999999999989,
			1.29
		],
		[
			1.23,
			0.39000000000000001,
			0.51000000000000001,
			1.1700000000000002,
			1.1100000000000001,
			0.27000000000000002,
			0.80999999999999994,
			0.0,
			1.1700000000000002,
			0.39000000000000001,
			0.0,
			0.92999999999999994,
			0.0,
			0.92999999999999994,
			0.63,
			0.32999999999999996,
			0.56999999999999995,
			0.63,
			0.20999999999999999,
			0.56999999999999995,
			0.63,
			0.98999999999999988,
			0.63,
			0.63,
			0.63,
			0.92999999999999994,
			0.56999999999999995,
			0.87,
			0.39000000000000001,
			0.44999999999999996,
			0.20999999999999999,
			1.05,
			0.39000000000000001,
			0.27000000000000002,
			1.1100000000000001,
			0.63,
			0.20999999999999999,
			0.87,
			0.68999999999999995,
			1.1100000000000001,
			0.92999999999999994,
			0.20999999999999999,
			1.29,
			0.32999999999999996,
			1.1100000000000001,
			0.56999999999999995,
			0.32999999999999996,
			0.32999999999999996,
			0.32999999999999996,
			0.87,
			0.32999999999999996,
			0.0,
			1.1100000000000001,
			0.51000000000000001,
			0.80999999999999994,
			0.68999999999999995,
			0.44999999999999996,
			0.27000000000000002,
			0.39000000000000001,
			0.68999999999999995,
			0.56999999999999995,
			1.23,
			1.23,
			0.74999999999999989,
			0.56999999999999995,
			0.63,
			0.74999999999999989,
			0.63,
			0.20999999999999999,
			1.05,
			0.20999999999999999,
			0.27000000000000002,
			0.44999999999999996
		],
		[
			0.39000000000000001,
			0.63,
			0.51000000000000001,
			0.32999999999999996,
			1.95,
			0.74999999999999989,
			1.6500000000000001,
			0.92999999999999994,
			0.32999999999999996,
			0.63,
			0.92999999999999994,
			0.0,
			0.92999999999999994,
			0.0,
			1.47,
			0.68999999999999995,
			0.44999999999999996,
			0.39000000000000001,
			1.05,
			1.4099999999999999,
			1.47,
			0.14999999999999999,
			0.39000000000000001,
			0.39000000000000001,
			0.39000000000000001,
			0.0,
			1.4099999999999999,
			0.14999999999999999,
			1.23,
			0.56999999999999995,
			0.80999999999999994,
			1.8899999999999999,
			1.23,
			0.74999999999999989,
			1.95,
			1.47,
			1.05,
			1.71,
			0.32999999999999996,
			0.27000000000000002,
			0.0,
			1.05,
			2.1299999999999999,
			1.1700000000000002,
			1.95,
			1.4099999999999999,
			1.1700000000000002,
			1.1700000000000002,
			1.1700000000000002,
			1.71,
			1.1700000000000002,
			0.92999999999999994,
			0.27000000000000002,
			1.3500000000000001,
			1.6500000000000001,
			0.32999999999999996,
			0.56999999999999995,
			1.1100000000000001,
			0.63,
			0.32999999999999996,
			0.44999999999999996,
			0.39000000000000001,
			0.39000000000000001,
			0.27000000000000002,
			1.4099999999999999,
			1.47,
			1.5900000000000001,
			0.39000000000000001,
			0.80999999999999994,
			1.8899999999999999,
			0.80999999999999994,
			0.74999999999999989,
			1.29
		],
		[
			1.77,
			0.92999999999999994,
			1.05,
			1.71,
			0.56999999999999995,
			0.80999999999999994,
			0.27000000000000002,
			0.63,
			1.71,
			0.92999999999999994,
			0.63,
			1.47,
			0.63,
			1.47,
			0.0,
			0.87,
			1.1100000000000001,
			1.1700000000000002,
			0.51000000000000001,
			0.14999999999999999,
			0.0,
			1.53,
			1.1700000000000002,
			1.1700000000000002,
			1.1700000000000002,
			1.47,
			0.14999999999999999,
			1.4099999999999999,
			0.32999999999999996,
			0.98999999999999988,
			0.74999999999999989,
			0.51000000000000001,
			0.32999999999999996,
			0.80999999999999994,
			0.56999999999999995,
			0.0,
			0.51000000000000001,
			0.32999999999999996,
			1.23,
			1.6500000000000001,
			1.47,
			0.51000000000000001,
			0.74999999999999989,
			0.39000000000000001,
			0.56999999999999995,
			0.14999999999999999,
			0.39000000000000001,
			0.39000000000000001,
			0.39000000000000001,
			0.32999999999999996,
			0.39000000000000001,
			0.63,
			1.6500000000000001,
			0.20999999999999999,
			0.27000000000000002,
			1.23,
			0.98999999999999988,
			0.44999999999999996,
			0.92999999999999994,
			1.23,
			1.1100000000000001,
			1.77,
			1.77,
			1.29,
			0.14999999999999999,
			0.0,
			0.20999999999999999,
			1.1700000000000002,
			0.74999999999999989,
			0.51000000000000001,
			0.74999999999999989,
			0.80999999999999994,
			0.27000000000000002
		],
		[
			0.98999999999999988,
			0.14999999999999999,
			0.27000000000000002,
			0.92999999999999994,
			1.3500000000000001,
			0.14999999999999999,
			1.05,
			0.32999999999999996,
			0.92999999999999994,
			0.14999999999999999,
			0.32999999999999996,
			0.68999999999999995,
			0.32999999999999996,
			0.68999999999999995,
			0.87,
			0.0,
			0.32999999999999996,
			0.39000000000000001,
			0.44999999999999996,
			0.80999999999999994,
			0.87,
			0.74999999999999989,
			0.39000000000000001,
			0.39000000000000001,
			0.39000000000000001,
			0.68999999999999995,
			0.80999999999999994,
			0.63,
			0.63,
			0.20999999999999999,
			0.20999999999999999,
			1.29,
			0.63,
			0.14999999999999999,
			1.3500000000000001,
			0.87,
			0.44999999999999996,
			1.1100000000000001,
			0.44999999999999996,
			0.87,
			0.68999999999999995,
			0.44999999999999996,
			1.53,
			0.56999999999999995,
			1.3500000000000001,
			0.80999999999999994,
			0.56999999999999995,
			0.56999999999999995,
			0.56999999999999995,
			1.1100000000000001,
			0.56999999999999995,
			0.32999999999999996,
			0.87,
			0.74999999999999989,
			1.05,
			0.44999999999999996,
			0.20999999999999999,
			0.51000000000000001,
			0.14999999999999999,
			0.44999999999999996,
			0.32999999999999996,
			0.98999999999999988,
			0.98999999999999988,
			0.51000000000000001,
			0.80999999999999994,
			0.87,
			0.98999999999999988,
			0.39000000000000001,
			0.20999999999999999,
			1.29,
			0.20999999999999999,
			0.14999999999999999,
			0.68999999999999995
		],
		[
			0.74999999999999989,
			0.27000000000000002,
			0.14999999999999999,
			0.68999999999999995,
			1.5900000000000001,
			0.39000000000000001,
			1.29,
			0.56999999999999995,
			0.68999999999999995,
			0.27000000000000002,
			0.56999999999999995,
			0.44999999999999996,
			0.56999999999999995,
			0.44999999999999996,
			1.1100000000000001,
			0.32999999999999996,
			0.0,
			0.14999999999999999,
			0.68999999999999995,
			1.05,
			1.1100000000000001,
			0.51000000000000001,
			0.14999999999999999,
			0.14999999999999999,
			0.14999999999999999,
			0.44999999999999996,
			1.05,
			0.39000000000000001,
			0.87,
			0.20999999999999999,
			0.44999999999999996,
			1.53,
			0.87,
			0.39000000000000001,
			1.5900000000000001,
			1.1100000000000001,
			0.68999999999999995,
			1.3500000000000001,
			0.20999999999999999,
			0.63,
			0.44999999999999996,
			0.68999999999999995,
			1.77,
			0.80999999999999994,
			1.5900000000000001,
			1.05,
			0.80999999999999994,
			0.80999999999999994,
			0.80999999999999994,
			1.3500000000000001,
			0.80999999999999994,
			0.56999999999999995,
			0.63,
			0.98999999999999988,
			1.29,
			0.20999999999999999,
			0.20999999999999999,
			0.74999999999999989,
			0.27000000000000002,
			0.20999999999999999,
			0.0,
			0.74999999999999989,
			0.74999999999999989,
			0.27000000000000002,
			1.05,
			1.1100000000000001,
			1.23,
			0.14999999999999999,
			0.44999999999999996,
			1.53,
			0.44999999999999996,
			0.39000000000000001,
			0.92999999999999994
		],
		[
			0.68999999999999995,
			0.32999999999999996,
			0.20999999999999999,
			0.63,
			1.6500000000000001,
			0.44999999999999996,
			1.3500000000000001,
			0.63,
			0.63,
			0.32999999999999996,
			0.63,
			0.39000000000000001,
			0.63,
			0.39000000000000001,
			1.1700000000000002,
			0.39000000000000001,
			0.14999999999999999,
			0.0,
			0.74999999999999989,
			1.1100000000000001,
			1.1700000000000002,
			0.44999999999999996,
			0.0,
			0.0,
			0.0,
			0.39000000000000001,
			1.1100000000000001,
			0.32999999999999996,
			0.92999999999999994,
			0.27000000000000002,
			0.51000000000000001,
			1.5900000000000001,
			0.92999999999999994,
			0.44999999999999996,
			1.6500000000000001,
			1.1700000000000002,
			0.74999999999999989,
			1.4099999999999999,
			0.14999999999999999,
			0.56999999999999995,
			0.39000000000000001,
			0.74999999999999989,
			1.8300000000000001,
			0.87,
			1.6500000000000001,
			1.1100000000000001,
			0.87,
			0.87,
			0.87,
			1.4099999999999999,
			0.87,
			0.63,
			0.56999999999999995,
			1.05,
			1.3500000000000001,
			0.14999999999999999,
			0.27000000000000002,
			0.80999999999999994,
			0.32999999999999996,
			0.14999999999999999,
			0.14999999999999999,
			0.68999999999999995,
			0.68999999999999995,
			0.20999999999999999,
			1.1100000000000001,
			1.1700000000000002,
			1.29,
			0.0,
			0.51000000000000001,
			1.5900000000000001,
			0.51000000000000001,
			0.44999999999999996,
			0.98999999999999988
		],
		[
			1.3500000000000001,
			0.51000000000000001,
			0.63,
