{
	"instance_setting" : 
	{
		"average_number_of_tasks_executed_by_yc_per_hour" : 18,
		"external_task_ratio" : 0.5,
		"instance_id" : 72,
		"number_of_external_tasks" : 36,
		"number_of_internal_tasks" : 36,
		"number_of_tasks" : 72,
		"planning_window_length_in_hours" : 4.0
	},
	"offline_optimal" : 986.1599999999994,
	"offline_solution_computation_time_in_seconds" : 1.2314901,
	"offline_solution_task_sequence" : 
	[
		0,
		37,
		1,
		38,
		39,
		40,
		41,
		2,
		43,
		3,
		6,
		4,
		9,
		5,
		8,
		10,
		7,
		42,
		11,
		45,
		44,
		47,
		49,
		46,
		12,
		48,
		13,
		52,
		51,
		15,
		14,
		50,
		53,
		55,
		54,
		16,
		18,
		19,
		20,
		17,
		23,
		21,
		22,
		24,
		56,
		58,
		26,
		25,
		59,
		61,
		57,
		27,
		28,
		29,
		30,
		62,
		63,
		31,
		32,
		64,
		65,
		34,
		60,
		66,
		33,
		69,
		68,
		67,
		70,
		35,
		36,
		71,
		72
	],
	"tasks" : 
	[
		{
			"due_date" : 0.0,
			"id" : 0,
			"is_internal" : true,
			"processing_time" : 0.0,
			"release_time" : 0.0,
			"tardiness_weight" : 0.0
		},
		{
			"due_date" : 13.52,
			"id" : 1,
			"is_internal" : true,
			"processing_time" : 3.8999999999999999,
			"release_time" : 7.5899999999999999,
			"tardiness_weight" : 4.0
		},
		{
			"due_date" : 34.770000000000003,
			"id" : 2,
			"is_internal" : true,
			"processing_time" : 3.5600000000000001,
			"release_time" : 29.899999999999999,
			"tardiness_weight" : 4.0
		},
		{
			"due_date" : 41.93,
			"id" : 3,
			"is_internal" : true,
			"processing_time" : 2.5899999999999999,
			"release_time" : 36.219999999999999,
			"tardiness_weight" : 4.0
		},
		{
			"due_date" : 44.899999999999999,
			"id" : 4,
			"is_internal" : true,
			"processing_time" : 3.5299999999999998,
			"release_time" : 39.020000000000003,
			"tardiness_weight" : 4.0
		},
		{
			"due_date" : 45.979999999999997,
			"id" : 5,
			"is_internal" : true,
			"processing_time" : 3.75,
			"release_time" : 40.030000000000001,
			"tardiness_weight" : 4.0
		},
		{
			"due_date" : 47.350000000000001,
			"id" : 6,
			"is_internal" : true,
			"processing_time" : 2.1299999999999999,
			"release_time" : 41.420000000000002,
			"tardiness_weight" : 4.0
		},
		{
			"due_date" : 47.600000000000001,
			"id" : 7,
			"is_internal" : true,
			"processing_time" : 3.75,
			"release_time" : 42.710000000000001,
			"tardiness_weight" : 3.0
		},
		{
			"due_date" : 53.049999999999997,
			"id" : 8,
			"is_internal" : true,
			"processing_time" : 2.79,
			"release_time" : 49.520000000000003,
			"tardiness_weight" : 4.0
		},
		{
			"due_date" : 53.060000000000002,
			"id" : 9,
			"is_internal" : true,
			"processing_time" : 2.2200000000000002,
			"release_time" : 47.420000000000002,
			"tardiness_weight" : 4.0
		},
		{
			"due_date" : 60.009999999999998,
			"id" : 10,
			"is_internal" : true,
			"processing_time" : 3.3900000000000001,
			"release_time" : 55.560000000000002,
			"tardiness_weight" : 3.0
		},
		{
			"due_date" : 73.459999999999994,
			"id" : 11,
			"is_internal" : true,
			"processing_time" : 3.0,
			"release_time" : 68.519999999999996,
			"tardiness_weight" : 4.0
		},
		{
			"due_date" : 89.879999999999995,
			"id" : 12,
			"is_internal" : true,
			"processing_time" : 2.8700000000000001,
			"release_time" : 83.969999999999999,
			"tardiness_weight" : 3.0
		},
		{
			"due_date" : 92.280000000000001,
			"id" : 13,
			"is_internal" : true,
			"processing_time" : 2.3199999999999998,
			"release_time" : 88.189999999999998,
			"tardiness_weight" : 4.0
		},
		{
			"due_date" : 98.219999999999999,
			"id" : 14,
			"is_internal" : true,
			"processing_time" : 2.52,
			"release_time" : 92.719999999999999,
			"tardiness_weight" : 4.0
		},
		{
			"due_date" : 99.769999999999996,
			"id" : 15,
			"is_internal" : true,
			"processing_time" : 2.0600000000000001,
			"release_time" : 97.530000000000001,
			"tardiness_weight" : 4.0
		},
		{
			"due_date" : 117.81,
			"id" : 16,
			"is_internal" : true,
			"processing_time" : 3.3900000000000001,
			"release_time" : 113.66,
			"tardiness_weight" : 3.0
		},
		{
			"due_date" : 117.81999999999999,
			"id" : 17,
			"is_internal" : true,
			"processing_time" : 3.0,
			"release_time" : 113.66,
			"tardiness_weight" : 3.0
		},
		{
			"due_date" : 120.5,
			"id" : 18,
			"is_internal" : true,
			"processing_time" : 2.8599999999999999,
			"release_time" : 116.5,
			"tardiness_weight" : 3.0
		},
		{
			"due_date" : 124.62,
			"id" : 19,
			"is_internal" : true,
			"processing_time" : 2.4900000000000002,
			"release_time" : 120.23999999999999,
			"tardiness_weight" : 4.0
		},
		{
			"due_date" : 125.28,
			"id" : 20,
			"is_internal" : true,
			"processing_time" : 3.4700000000000002,
			"release_time" : 121.8,
			"tardiness_weight" : 4.0
		},
		{
			"due_date" : 131.71000000000001,
			"id" : 21,
			"is_internal" : true,
			"processing_time" : 3.1299999999999999,
			"release_time" : 126.98999999999999,
			"tardiness_weight" : 3.0
		},
		{
			"due_date" : 132.94999999999999,
			"id" : 22,
			"is_internal" : true,
			"processing_time" : 3.2799999999999998,
			"release_time" : 128.68000000000001,
			"tardiness_weight" : 4.0
		},
		{
			"due_date" : 133.88999999999999,
			"id" : 23,
			"is_internal" : true,
			"processing_time" : 2.1400000000000001,
			"release_time" : 129.46000000000001,
			"tardiness_weight" : 3.0
		},
		{
			"due_date" : 142.34,
			"id" : 24,
			"is_internal" : true,
			"processing_time" : 3.0600000000000001,
			"release_time" : 136.41,
			"tardiness_weight" : 4.0
		},
		{
			"due_date" : 149.50999999999999,
			"id" : 25,
			"is_internal" : true,
			"processing_time" : 2.6400000000000001,
			"release_time" : 144.02000000000001,
			"tardiness_weight" : 3.0
		},
		{
			"due_date" : 151.25999999999999,
			"id" : 26,
			"is_internal" : true,
			"processing_time" : 2.7799999999999998,
			"release_time" : 146.49000000000001,
			"tardiness_weight" : 4.0
		},
		{
			"due_date" : 168.28999999999999,
			"id" : 27,
			"is_internal" : true,
			"processing_time" : 3.7799999999999998,
			"release_time" : 163.12,
			"tardiness_weight" : 4.0
		},
		{
			"due_date" : 172.87,
			"id" : 28,
			"is_internal" : true,
			"processing_time" : 3.6400000000000001,
			"release_time" : 169.02000000000001,
			"tardiness_weight" : 4.0
		},
		{
			"due_date" : 174.05000000000001,
			"id" : 29,
			"is_internal" : true,
			"processing_time" : 2.7599999999999998,
			"release_time" : 170.55000000000001,
			"tardiness_weight" : 4.0
		},
		{
			"due_date" : 174.80000000000001,
			"id" : 30,
			"is_internal" : true,
			"processing_time" : 2.6000000000000001,
			"release_time" : 169.06,
			"tardiness_weight" : 3.0
		},
		{
			"due_date" : 187.18000000000001,
			"id" : 31,
			"is_internal" : true,
			"processing_time" : 3.4100000000000001,
			"release_time" : 183.63,
			"tardiness_weight" : 3.0
		},
		{
			"due_date" : 193.71000000000001,
			"id" : 32,
			"is_internal" : true,
			"processing_time" : 2.1699999999999999,
			"release_time" : 188.55000000000001,
			"tardiness_weight" : 4.0
		},
		{
			"due_date" : 199.99000000000001,
			"id" : 33,
			"is_internal" : true,
			"processing_time" : 3.1000000000000001,
			"release_time" : 194.21000000000001,
			"tardiness_weight" : 4.0
		},
		{
			"due_date" : 201.11000000000001,
			"id" : 34,
			"is_internal" : true,
			"processing_time" : 3.29,
			"release_time" : 197.58000000000001,
			"tardiness_weight" : 4.0
		},
		{
			"due_date" : 225.75,
			"id" : 35,
			"is_internal" : true,
			"processing_time" : 2.9700000000000002,
			"release_time" : 220.27000000000001,
			"tardiness_weight" : 4.0
		},
		{
			"due_date" : 232.88999999999999,
			"id" : 36,
			"is_internal" : true,
			"processing_time" : 3.8100000000000001,
			"release_time" : 227.36000000000001,
			"tardiness_weight" : 3.0
		},
		{
			"due_date" : 6.1799999999999997,
			"id" : 37,
			"is_internal" : false,
			"processing_time" : 2.0,
			"release_time" : 4.1799999999999997,
			"tardiness_weight" : 1.0
		},
		{
			"due_date" : 9.4400000000000013,
			"id" : 38,
			"is_internal" : false,
			"processing_time" : 2.0,
			"release_time" : 7.4400000000000004,
			"tardiness_weight" : 1.0
		},
		{
			"due_date" : 19.940000000000001,
			"id" : 39,
			"is_internal" : false,
			"processing_time" : 2.0,
			"release_time" : 17.940000000000001,
			"tardiness_weight" : 1.0
		},
		{
			"due_date" : 21.170000000000002,
			"id" : 40,
			"is_internal" : false,
			"processing_time" : 2.0,
			"release_time" : 19.170000000000002,
			"tardiness_weight" : 1.0
		},
		{
			"due_date" : 22.34,
			"id" : 41,
			"is_internal" : false,
			"processing_time" : 2.0,
			"release_time" : 20.34,
			"tardiness_weight" : 1.0
		},
		{
			"due_date" : 32.980000000000004,
			"id" : 42,
			"is_internal" : false,
			"processing_time" : 2.0,
			"release_time" : 30.98,
			"tardiness_weight" : 1.0
		},
		{
			"due_date" : 33.549999999999997,
			"id" : 43,
			"is_internal" : false,
			"processing_time" : 2.0,
			"release_time" : 31.550000000000001,
			"tardiness_weight" : 1.0
		},
		{
			"due_date" : 49.259999999999998,
			"id" : 44,
			"is_internal" : false,
			"processing_time" : 2.0,
			"release_time" : 47.259999999999998,
			"tardiness_weight" : 1.0
		},
		{
			"due_date" : 52.710000000000001,
			"id" : 45,
			"is_internal" : false,
			"processing_time" : 2.0,
			"release_time" : 50.710000000000001,
			"tardiness_weight" : 1.0
		},
		{
			"due_date" : 57.149999999999999,
			"id" : 46,
			"is_internal" : false,
			"processing_time" : 2.0,
			"release_time" : 55.149999999999999,
			"tardiness_weight" : 1.0
		},
		{
			"due_date" : 69.299999999999997,
			"id" : 47,
			"is_internal" : false,
			"processing_time" : 2.0,
			"release_time" : 67.299999999999997,
			"tardiness_weight" : 1.0
		},
		{
			"due_date" : 74.969999999999999,
			"id" : 48,
			"is_internal" : false,
			"processing_time" : 2.0,
			"release_time" : 72.969999999999999,
			"tardiness_weight" : 1.0
		},
		{
			"due_date" : 75.349999999999994,
			"id" : 49,
			"is_internal" : false,
			"processing_time" : 2.0,
			"release_time" : 73.349999999999994,
			"tardiness_weight" : 1.0
		},
		{
			"due_date" : 77.709999999999994,
			"id" : 50,
			"is_internal" : false,
			"processing_time" : 2.0,
			"release_time" : 75.709999999999994,
			"tardiness_weight" : 1.0
		},
		{
			"due_date" : 80.319999999999993,
			"id" : 51,
			"is_internal" : false,
			"processing_time" : 2.0,
			"release_time" : 78.319999999999993,
			"tardiness_weight" : 1.0
		},
		{
			"due_date" : 87.469999999999999,
			"id" : 52,
			"is_internal" : false,
			"processing_time" : 2.0,
			"release_time" : 85.469999999999999,
			"tardiness_weight" : 1.0
		},
		{
			"due_date" : 92.530000000000001,
			"id" : 53,
			"is_internal" : false,
			"processing_time" : 2.0,
			"release_time" : 90.530000000000001,
			"tardiness_weight" : 1.0
		},
		{
			"due_date" : 94.280000000000001,
			"id" : 54,
			"is_internal" : false,
			"processing_time" : 2.0,
			"release_time" : 92.280000000000001,
			"tardiness_weight" : 1.0
		},
		{
			"due_date" : 102.52,
			"id" : 55,
			"is_internal" : false,
			"processing_time" : 2.0,
			"release_time" : 100.52,
			"tardiness_weight" : 1.0
		},
		{
			"due_date" : 106.65000000000001,
			"id" : 56,
			"is_internal" : false,
			"processing_time" : 2.0,
			"release_time" : 104.65000000000001,
			"tardiness_weight" : 1.0
		},
		{
			"due_date" : 110.64,
			"id" : 57,
			"is_internal" : false,
			"processing_time" : 2.0,
			"release_time" : 108.64,
			"tardiness_weight" : 1.0
		},
		{
			"due_date" : 124.84,
			"id" : 58,
			"is_internal" : false,
			"processing_time" : 2.0,
			"release_time" : 122.84,
			"tardiness_weight" : 1.0
		},
		{
			"due_date" : 142.94,
			"id" : 59,
			"is_internal" : false,
			"processing_time" : 2.0,
			"release_time" : 140.94,
			"tardiness_weight" : 1.0
		},
		{
			"due_date" : 143.83000000000001,
			"id" : 60,
			"is_internal" : false,
			"processing_time" : 2.0,
			"release_time" : 141.83000000000001,
			"tardiness_weight" : 1.0
		},
		{
			"due_date" : 153.93000000000001,
			"id" : 61,
			"is_internal" : false,
			"processing_time" : 2.0,
			"release_time" : 151.93000000000001,
			"tardiness_weight" : 1.0
		},
		{
			"due_date" : 163.41999999999999,
			"id" : 62,
			"is_internal" : false,
			"processing_time" : 2.0,
			"release_time" : 161.41999999999999,
			"tardiness_weight" : 1.0
		},
		{
			"due_date" : 167.13999999999999,
			"id" : 63,
			"is_internal" : false,
			"processing_time" : 2.0,
			"release_time" : 165.13999999999999,
			"tardiness_weight" : 1.0
		},
		{
			"due_date" : 180.50999999999999,
			"id" : 64,
			"is_internal" : false,
			"processing_time" : 2.0,
			"release_time" : 178.50999999999999,
			"tardiness_weight" : 1.0
		},
		{
			"due_date" : 181.81999999999999,
			"id" : 65,
			"is_internal" : false,
			"processing_time" : 2.0,
			"release_time" : 179.81999999999999,
			"tardiness_weight" : 1.0
		},
		{
			"due_date" : 198.28999999999999,
			"id" : 66,
			"is_internal" : false,
			"processing_time" : 2.0,
			"release_time" : 196.28999999999999,
			"tardiness_weight" : 1.0
		},
		{
			"due_date" : 199.22999999999999,
			"id" : 67,
			"is_internal" : false,
			"processing_time" : 2.0,
			"release_time" : 197.22999999999999,
			"tardiness_weight" : 1.0
		},
		{
			"due_date" : 203.06999999999999,
			"id" : 68,
			"is_internal" : false,
			"processing_time" : 2.0,
			"release_time" : 201.06999999999999,
			"tardiness_weight" : 1.0
		},
		{
			"due_date" : 203.68000000000001,
			"id" : 69,
			"is_internal" : false,
			"processing_time" : 2.0,
			"release_time" : 201.68000000000001,
			"tardiness_weight" : 1.0
		},
		{
			"due_date" : 215.52000000000001,
			"id" : 70,
			"is_internal" : false,
			"processing_time" : 2.0,
			"release_time" : 213.52000000000001,
			"tardiness_weight" : 1.0
		},
		{
			"due_date" : 230.44,
			"id" : 71,
			"is_internal" : false,
			"processing_time" : 2.0,
			"release_time" : 228.44,
			"tardiness_weight" : 1.0
		},
		{
			"due_date" : 238.21000000000001,
			"id" : 72,
			"is_internal" : false,
			"processing_time" : 2.0,
			"release_time" : 236.21000000000001,
			"tardiness_weight" : 1.0
		}
	],
	"time_adjacency_matrix" : 
	[
		[
			0.0,
			1.6500000000000001,
			0.0,
			1.05,
			0.27000000000000002,
			0.20999999999999999,
			0.74999999999999989,
			2.4299999999999997,
			2.1299999999999999,
			0.27000000000000002,
			2.3699999999999997,
			1.1700000000000002,
			1.1700000000000002,
			2.1299999999999999,
			0.56999999999999995,
			1.6500000000000001,
			2.1899999999999999,
			0.14999999999999999,
			2.0099999999999998,
			0.44999999999999996,
			0.51000000000000001,
			0.87,
			2.0699999999999998,
			0.98999999999999988,
			2.1899999999999999,
			0.0,
			0.56999999999999995,
			1.5900000000000001,
			1.47,
			0.51000000000000001,
			0.39000000000000001,
			1.5900000000000001,
			1.47,
			0.51000000000000001,
			2.0699999999999998,
			0.92999999999999994,
			2.3699999999999997,
			1.5900000000000001,
			2.4299999999999997,
			0.0,
			2.0099999999999998,
			2.1899999999999999,
			2.3099999999999996,
			1.1700000000000002,
			0.63,
			0.74999999999999989,
			0.27000000000000002,
			0.51000000000000001,
			1.3500000000000001,
			0.32999999999999996,
			0.74999999999999989,
			2.0099999999999998,
			2.0699999999999998,
			0.74999999999999989,
			1.8300000000000001,
			1.53,
			2.1899999999999999,
			1.1100000000000001,
			2.3099999999999996,
			0.63,
			2.0699999999999998,
			0.68999999999999995,
			0.27000000000000002,
			0.14999999999999999,
			1.8300000000000001,
			2.0099999999999998,
			2.1899999999999999,
			1.1100000000000001,
			1.05,
			0.44999999999999996,
			0.51000000000000001,
			1.6500000000000001,
			2.3099999999999996
		],
		[
			1.6500000000000001,
			0.0,
			1.6500000000000001,
			0.68999999999999995,
			1.47,
			1.53,
			0.98999999999999988,
			0.87,
			0.56999999999999995,
			1.47,
			0.80999999999999994,
			0.56999999999999995,
			0.56999999999999995,
			0.56999999999999995,
			1.1700000000000002,
			0.0,
			0.63,
			1.5900000000000001,
			0.44999999999999996,
			1.29,
			1.23,
			0.87,
			0.51000000000000001,
			0.74999999999999989,
			0.63,
			1.6500000000000001,
			1.1700000000000002,
			0.14999999999999999,
			0.27000000000000002,
			1.23,
			1.3500000000000001,
			0.14999999999999999,
			0.27000000000000002,
			1.23,
			0.51000000000000001,
			0.80999999999999994,
			0.80999999999999994,
			0.14999999999999999,
			0.87,
			1.6500000000000001,
			0.44999999999999996,
			0.63,
			0.74999999999999989,
			0.56999999999999995,
			1.1100000000000001,
			0.98999999999999988,
			1.47,
			1.23,
			0.39000000000000001,
			1.4099999999999999,
			0.98999999999999988,
			0.44999999999999996,
			0.51000000000000001,
			0.98999999999999988,
			0.27000000000000002,
			0.20999999999999999,
			0.63,
			0.63,
			0.74999999999999989,
			1.1100000000000001,
			0.51000000000000001,
			1.05,
			1.47,
			1.5900000000000001,
			0.27000000000000002,
			0.44999999999999996,
			0.63,
			0.63,
			0.68999999999999995,
			1.29,
			1.23,
			0.0,
			0.74999999999999989
		],
		[
			0.0,
			1.6500000000000001,
			0.0,
			1.05,
			0.27000000000000002,
			0.20999999999999999,
			0.74999999999999989,
			2.4299999999999997,
			2.1299999999999999,
			0.27000000000000002,
			2.3699999999999997,
			1.1700000000000002,
			1.1700000000000002,
			2.1299999999999999,
			0.56999999999999995,
			1.6500000000000001,
			2.1899999999999999,
			0.14999999999999999,
			2.0099999999999998,
			0.44999999999999996,
			0.51000000000000001,
			0.87,
			2.0699999999999998,
			0.98999999999999988,
			2.1899999999999999,
			0.0,
			0.56999999999999995,
			1.5900000000000001,
			1.47,
			0.51000000000000001,
			0.39000000000000001,
			1.5900000000000001,
			1.47,
			0.51000000000000001,
			2.0699999999999998,
			0.92999999999999994,
			2.3699999999999997,
			1.5900000000000001,
			2.4299999999999997,
			0.0,
			2.0099999999999998,
			2.1899999999999999,
			2.3099999999999996,
			1.1700000000000002,
			0.63,
			0.74999999999999989,
			0.27000000000000002,
			0.51000000000000001,
			1.3500000000000001,
			0.32999999999999996,
			0.74999999999999989,
			2.0099999999999998,
			2.0699999999999998,
			0.74999999999999989,
			1.8300000000000001,
			1.53,
			2.1899999999999999,
			1.1100000000000001,
			2.3099999999999996,
			0.63,
			2.0699999999999998,
			0.68999999999999995,
			0.27000000000000002,
			0.14999999999999999,
			1.8300000000000001,
			2.0099999999999998,
			2.1899999999999999,
			1.1100000000000001,
			1.05,
			0.44999999999999996,
			0.51000000000000001,
			1.6500000000000001,
			2.3099999999999996
		],
		[
			1.05,
			0.68999999999999995,
			1.05,
			0.0,
			0.87,
			0.92999999999999994,
			0.39000000000000001,
			1.47,
			1.1700000000000002,
			0.87,
			1.4099999999999999,
			0.20999999999999999,
			0.20999999999999999,
			1.1700000000000002,
			0.56999999999999995,
			0.68999999999999995,
			1.23,
			0.98999999999999988,
			1.05,
			0.68999999999999995,
			0.63,
			0.27000000000000002,
			1.1100000000000001,
			0.14999999999999999,
			1.23,
			1.05,
			0.56999999999999995,
			0.63,
			0.51000000000000001,
			0.63,
			0.74999999999999989,
			0.63,
			0.51000000000000001,
			0.63,
			1.1100000000000001,
			0.20999999999999999,
			1.4099999999999999,
			0.63,
			1.47,
			1.05,
			1.05,
			1.23,
			1.3500000000000001,
			0.20999999999999999,
			0.51000000000000001,
			0.39000000000000001,
			0.87,
			0.63,
			0.39000000000000001,
			0.80999999999999994,
			0.39000000000000001,
			1.05,
			1.1100000000000001,
			0.39000000000000001,
			0.87,
			0.56999999999999995,
			1.23,
			0.14999999999999999,
			1.3500000000000001,
			0.51000000000000001,
			1.1100000000000001,
			0.44999999999999996,
			0.87,
			0.98999999999999988,
			0.87,
			1.05,
			1.23,
			0.14999999999999999,
			0.0,
			0.68999999999999995,
			0.63,
			0.68999999999999995,
			1.3500000000000001
		],
		[
			0.27000000000000002,
			1.47,
			0.27000000000000002,
			0.87,
			0.0,
			0.14999999999999999,
			0.56999999999999995,
			2.25,
			1.95,
			0.0,
			2.1899999999999999,
			0.98999999999999988,
			0.98999999999999988,
			1.95,
			0.39000000000000001,
			1.47,
			2.0099999999999998,
			0.20999999999999999,
			1.8300000000000001,
			0.27000000000000002,
			0.32999999999999996,
			0.68999999999999995,
			1.8899999999999999,
			0.80999999999999994,
			2.0099999999999998,
			0.27000000000000002,
			0.39000000000000001,
			1.4099999999999999,
			1.29,
			0.32999999999999996,
			0.20999999999999999,
			1.4099999999999999,
			1.29,
			0.32999999999999996,
			1.8899999999999999,
			0.74999999999999989,
			2.1899999999999999,
			1.4099999999999999,
			2.25,
			0.27000000000000002,
			1.8300000000000001,
			2.0099999999999998,
			2.1299999999999999,
			0.98999999999999988,
			0.44999999999999996,
			0.56999999999999995,
			0.0,
			0.32999999999999996,
			1.1700000000000002,
			0.14999999999999999,
			0.56999999999999995,
			1.8300000000000001,
			1.8899999999999999,
			0.56999999999999995,
			1.6500000000000001,
			1.3500000000000001,
			2.0099999999999998,
			0.92999999999999994,
			2.1299999999999999,
			0.44999999999999996,
			1.8899999999999999,
			0.51000000000000001,
			0.0,
			0.20999999999999999,
			1.6500000000000001,
			1.8300000000000001,
			2.0099999999999998,
			0.92999999999999994,
			0.87,
			0.27000000000000002,
			0.32999999999999996,
			1.47,
			2.1299999999999999
		],
		[
			0.20999999999999999,
			1.53,
			0.20999999999999999,
			0.92999999999999994,
			0.14999999999999999,
			0.0,
			0.63,
			2.3099999999999996,
			2.0099999999999998,
			0.14999999999999999,
			2.25,
			1.05,
			1.05,
			2.0099999999999998,
			0.44999999999999996,
			1.53,
			2.0699999999999998,
			0.14999999999999999,
			1.8899999999999999,
			0.32999999999999996,
			0.39000000000000001,
			0.74999999999999989,
			1.95,
			0.87,
			2.0699999999999998,
			0.20999999999999999,
			0.44999999999999996,
			1.47,
			1.3500000000000001,
			0.39000000000000001,
			0.27000000000000002,
			1.47,
			1.3500000000000001,
			0.39000000000000001,
			1.95,
			0.80999999999999994,
			2.25,
			1.47,
			2.3099999999999996,
			0.20999999999999999,
			1.8899999999999999,
			2.0699999999999998,
			2.1899999999999999,
			1.05,
			0.51000000000000001,
			0.63,
			0.14999999999999999,
			0.39000000000000001,
			1.23,
			0.20999999999999999,
			0.63,
			1.8899999999999999,
			1.95,
			0.63,
			1.71,
			1.4099999999999999,
			2.0699999999999998,
			0.98999999999999988,
			2.1899999999999999,
			0.51000000000000001,
			1.95,
			0.56999999999999995,
			0.14999999999999999,
			0.14999999999999999,
			1.71,
			1.8899999999999999,
			2.0699999999999998,
			0.98999999999999988,
			0.92999999999999994,
			0.32999999999999996,
			0.39000000000000001,
			1.53,
			2.1899999999999999
		],
		[
			0.74999999999999989,
			0.98999999999999988,
			0.74999999999999989,
			0.39000000000000001,
			0.56999999999999995,
			0.63,
			0.0,
			1.77,
			1.47,
			0.56999999999999995,
			1.71,
			0.51000000000000001,
			0.51000000000000001,
			1.47,
			0.27000000000000002,
			0.98999999999999988,
			1.53,
			0.68999999999999995,
			1.3500000000000001,
			0.39000000000000001,
			0.32999999999999996,
			0.20999999999999999,
			1.4099999999999999,
			0.32999999999999996,
			1.53,
			0.74999999999999989,
			0.27000000000000002,
			0.92999999999999994,
			0.80999999999999994,
			0.32999999999999996,
			0.44999999999999996,
			0.92999999999999994,
			0.80999999999999994,
			0.32999999999999996,
			1.4099999999999999,
			0.27000000000000002,
			1.71,
			0.92999999999999994,
			1.77,
			0.74999999999999989,
			1.3500000000000001,
			1.53,
			1.6500000000000001,
			0.51000000000000001,
			0.20999999999999999,
			0.0,
			0.56999999999999995,
			0.32999999999999996,
			0.68999999999999995,
			0.51000000000000001,
			0.0,
			1.3500000000000001,
			1.4099999999999999,
			0.0,
			1.1700000000000002,
			0.87,
			1.53,
			0.44999999999999996,
			1.6500000000000001,
			0.20999999999999999,
			1.4099999999999999,
			0.14999999999999999,
			0.56999999999999995,
			0.68999999999999995,
			1.1700000000000002,
			1.3500000000000001,
			1.53,
			0.44999999999999996,
			0.39000000000000001,
			0.39000000000000001,
			0.32999999999999996,
			0.98999999999999988,
			1.6500000000000001
		],
		[
			2.4299999999999997,
			0.87,
			2.4299999999999997,
			1.47,
			2.25,
			2.3099999999999996,
			1.77,
			0.0,
			0.39000000000000001,
			2.25,
			0.14999999999999999,
			1.3500000000000001,
			1.3500000000000001,
			0.39000000000000001,
			1.95,
			0.87,
			0.32999999999999996,
			2.3699999999999997,
			0.51000000000000001,
			2.0699999999999998,
			2.0099999999999998,
			1.6500000000000001,
			0.44999999999999996,
			1.53,
			0.32999999999999996,
			2.4299999999999997,
			1.95,
			0.92999999999999994,
			1.05,
			2.0099999999999998,
			2.1299999999999999,
			0.92999999999999994,
			1.05,
			2.0099999999999998,
			0.44999999999999996,
			1.5900000000000001,
			0.14999999999999999,
			0.92999999999999994,
			0.0,
			2.4299999999999997,
			0.51000000000000001,
			0.32999999999999996,
			0.20999999999999999,
			1.3500000000000001,
			1.8899999999999999,
			1.77,
			2.25,
			2.0099999999999998,
			1.1700000000000002,
			2.1899999999999999,
			1.77,
			0.51000000000000001,
			0.44999999999999996,
			1.77,
			0.68999999999999995,
			0.98999999999999988,
			0.32999999999999996,
			1.4099999999999999,
			0.20999999999999999,
			1.8899999999999999,
			0.44999999999999996,
			1.8300000000000001,
			2.25,
			2.3699999999999997,
			0.68999999999999995,
			0.51000000000000001,
			0.32999999999999996,
			1.4099999999999999,
			1.47,
			2.0699999999999998,
			2.0099999999999998,
			0.87,
			0.20999999999999999
		],
		[
			2.1299999999999999,
			0.56999999999999995,
			2.1299999999999999,
			1.1700000000000002,
			1.95,
			2.0099999999999998,
			1.47,
			0.39000000000000001,
			0.0,
			1.95,
			0.32999999999999996,
			1.05,
			1.05,
			0.0,
			1.6500000000000001,
			0.56999999999999995,
			0.14999999999999999,
			2.0699999999999998,
			0.20999999999999999,
			1.77,
			1.71,
			1.3500000000000001,
			0.14999999999999999,
			1.23,
			0.14999999999999999,
			2.1299999999999999,
			1.6500000000000001,
			0.63,
			0.74999999999999989,
			1.71,
			1.8300000000000001,
			0.63,
			0.74999999999999989,
			1.71,
			0.14999999999999999,
			1.29,
			0.32999999999999996,
			0.63,
			0.39000000000000001,
			2.1299999999999999,
			0.20999999999999999,
			0.14999999999999999,
			0.27000000000000002,
			1.05,
			1.5900000000000001,
			1.47,
			1.95,
			1.71,
			0.87,
			1.8899999999999999,
			1.47,
			0.20999999999999999,
			0.14999999999999999,
			1.47,
			0.39000000000000001,
			0.68999999999999995,
			0.14999999999999999,
			1.1100000000000001,
			0.27000000000000002,
			1.5900000000000001,
			0.14999999999999999,
			1.53,
			1.95,
			2.0699999999999998,
			0.39000000000000001,
			0.20999999999999999,
			0.14999999999999999,
			1.1100000000000001,
			1.1700000000000002,
			1.77,
			1.71,
			0.56999999999999995,
			0.27000000000000002
		],
		[
			0.27000000000000002,
			1.47,
			0.27000000000000002,
			0.87,
			0.0,
			0.14999999999999999,
			0.56999999999999995,
			2.25,
			1.95,
			0.0,
			2.1899999999999999,
			0.98999999999999988,
			0.98999999999999988,
			1.95,
			0.39000000000000001,
			1.47,
			2.0099999999999998,
			0.20999999999999999,
			1.8300000000000001,
			0.27000000000000002,
			0.32999999999999996,
			0.68999999999999995,
			1.8899999999999999,
			0.80999999999999994,
			2.0099999999999998,
			0.27000000000000002,
			0.39000000000000001,
			1.4099999999999999,
			1.29,
			0.32999999999999996,
			0.20999999999999999,
			1.4099999999999999,
			1.29,
			0.32999999999999996,
			1.8899999999999999,
			0.74999999999999989,
			2.1899999999999999,
			1.4099999999999999,
			2.25,
			0.27000000000000002,
			1.8300000000000001,
			2.0099999999999998,
			2.1299999999999999,
			0.98999999999999988,
			0.44999999999999996,
			0.56999999999999995,
			0.0,
			0.32999999999999996,
			1.1700000000000002,
			0.14999999999999999,
			0.56999999999999995,
			1.8300000000000001,
			1.8899999999999999,
			0.56999999999999995,
			1.6500000000000001,
			1.3500000000000001,
			2.0099999999999998,
			0.92999999999999994,
			2.1299999999999999,
			0.44999999999999996,
			1.8899999999999999,
			0.51000000000000001,
			0.0,
			0.20999999999999999,
			1.6500000000000001,
			1.8300000000000001,
			2.0099999999999998,
			0.92999999999999994,
			0.87,
			0.27000000000000002,
			0.32999999999999996,
			1.47,
			2.1299999999999999
		],
		[
			2.3699999999999997,
			0.80999999999999994,
			2.3699999999999997,
			1.4099999999999999,
			2.1899999999999999,
			2.25,
			1.71,
			0.14999999999999999,
			0.32999999999999996,
			2.1899999999999999,
			0.0,
			1.29,
			1.29,
			0.32999999999999996,
			1.8899999999999999,
			0.80999999999999994,
			0.27000000000000002,
			2.3099999999999996,
			0.44999999999999996,
			2.0099999999999998,
			1.95,
			1.5900000000000001,
			0.39000000000000001,
			1.47,
			0.27000000000000002,
			2.3699999999999997,
			1.8899999999999999,
			0.87,
			0.98999999999999988,
			1.95,
			2.0699999999999998,
			0.87,
			0.98999999999999988,
			1.95,
			0.39000000000000001,
			1.53,
			0.0,
			0.87,
			0.14999999999999999,
			2.3699999999999997,
			0.44999999999999996,
			0.27000000000000002,
			0.14999999999999999,
			1.29,
			1.8300000000000001,
			1.71,
			2.1899999999999999,
			1.95,
			1.1100000000000001,
			2.1299999999999999,
			1.71,
			0.44999999999999996,
			0.39000000000000001,
			1.71,
			0.63,
			0.92999999999999994,
			0.27000000000000002,
			1.3500000000000001,
			0.14999999999999999,
			1.8300000000000001,
			0.39000000000000001,
			1.77,
			2.1899999999999999,
			2.3099999999999996,
			0.63,
			0.44999999999999996,
			0.27000000000000002,
			1.3500000000000001,
			1.4099999999999999,
			2.0099999999999998,
			1.95,
			0.80999999999999994,
			0.14999999999999999
		],
		[
			1.1700000000000002,
			0.56999999999999995,
			1.1700000000000002,
			0.20999999999999999,
			0.98999999999999988,
			1.05,
			0.51000000000000001,
			1.3500000000000001,
			1.05,
			0.98999999999999988,
			1.29,
			0.0,
			0.0,
			1.05,
			0.68999999999999995,
			0.56999999999999995,
			1.1100000000000001,
			1.1100000000000001,
			0.92999999999999994,
			0.80999999999999994,
			0.74999999999999989,
			0.39000000000000001,
			0.98999999999999988,
			0.27000000000000002,
			1.1100000000000001,
			1.1700000000000002,
			0.68999999999999995,
			0.51000000000000001,
			0.39000000000000001,
			0.74999999999999989,
			0.87,
			0.51000000000000001,
			0.39000000000000001,
			0.74999999999999989,
			0.98999999999999988,
			0.32999999999999996,
			1.29,
			0.51000000000000001,
			1.3500000000000001,
			1.1700000000000002,
			0.92999999999999994,
			1.1100000000000001,
			1.23,
			0.0,
			0.63,
			0.51000000000000001,
			0.98999999999999988,
			0.74999999999999989,
			0.27000000000000002,
			0.92999999999999994,
			0.51000000000000001,
			0.92999999999999994,
			0.98999999999999988,
			0.51000000000000001,
			0.74999999999999989,
			0.44999999999999996,
			1.1100000000000001,
			0.14999999999999999,
			1.23,
			0.63,
			0.98999999999999988,
			0.56999999999999995,
			0.98999999999999988,
			1.1100000000000001,
			0.74999999999999989,
			0.92999999999999994,
			1.1100000000000001,
			0.14999999999999999,
			0.20999999999999999,
			0.80999999999999994,
			0.74999999999999989,
			0.56999999999999995,
			1.23
		],
		[
			1.1700000000000002,
			0.56999999999999995,
			1.1700000000000002,
			0.20999999999999999,
			0.98999999999999988,
			1.05,
			0.51000000000000001,
			1.3500000000000001,
			1.05,
			0.98999999999999988,
			1.29,
			0.0,
			0.0,
			1.05,
			0.68999999999999995,
			0.56999999999999995,
			1.1100000000000001,
			1.1100000000000001,
			0.92999999999999994,
			0.80999999999999994,
			0.74999999999999989,
			0.39000000000000001,
			0.98999999999999988,
			0.27000000000000002,
			1.1100000000000001,
			1.1700000000000002,
			0.68999999999999995,
			0.51000000000000001,
			0.39000000000000001,
			0.74999999999999989,
			0.87,
			0.51000000000000001,
			0.39000000000000001,
			0.74999999999999989,
			0.98999999999999988,
			0.32999999999999996,
			1.29,
			0.51000000000000001,
			1.3500000000000001,
			1.1700000000000002,
			0.92999999999999994,
			1.1100000000000001,
			1.23,
			0.0,
			0.63,
			0.51000000000000001,
			0.98999999999999988,
			0.74999999999999989,
			0.27000000000000002,
			0.92999999999999994,
			0.51000000000000001,
			0.92999999999999994,
			0.98999999999999988,
			0.51000000000000001,
			0.74999999999999989,
			0.44999999999999996,
			1.1100000000000001,
			0.14999999999999999,
			1.23,
			0.63,
			0.98999999999999988,
			0.56999999999999995,
			0.98999999999999988,
			1.1100000000000001,
			0.74999999999999989,
			0.92999999999999994,
			1.1100000000000001,
			0.14999999999999999,
			0.20999999999999999,
			0.80999999999999994,
			0.74999999999999989,
			0.56999999999999995,
			1.23
		],
		[
			2.1299999999999999,
			0.56999999999999995,
			2.1299999999999999,
			1.1700000000000002,
			1.95,
			2.0099999999999998,
			1.47,
			0.39000000000000001,
			0.0,
			1.95,
			0.32999999999999996,
			1.05,
			1.05,
			0.0,
			1.6500000000000001,
			0.56999999999999995,
			0.14999999999999999,
			2.0699999999999998,
			0.20999999999999999,
			1.77,
			1.71,
			1.3500000000000001,
			0.14999999999999999,
			1.23,
			0.14999999999999999,
			2.1299999999999999,
			1.6500000000000001,
			0.63,
			0.74999999999999989,
			1.71,
			1.8300000000000001,
			0.63,
			0.74999999999999989,
			1.71,
			0.14999999999999999,
			1.29,
			0.32999999999999996,
			0.63,
			0.39000000000000001,
			2.1299999999999999,
			0.20999999999999999,
			0.14999999999999999,
			0.27000000000000002,
			1.05,
			1.5900000000000001,
			1.47,
			1.95,
			1.71,
			0.87,
			1.8899999999999999,
			1.47,
			0.20999999999999999,
			0.14999999999999999,
			1.47,
			0.39000000000000001,
			0.68999999999999995,
			0.14999999999999999,
			1.1100000000000001,
			0.27000000000000002,
			1.5900000000000001,
			0.14999999999999999,
			1.53,
			1.95,
			2.0699999999999998,
			0.39000000000000001,
			0.20999999999999999,
			0.14999999999999999,
			1.1100000000000001,
			1.1700000000000002,
			1.77,
			1.71,
			0.56999999999999995,
			0.27000000000000002
		],
		[
			0.56999999999999995,
			1.1700000000000002,
			0.56999999999999995,
			0.56999999999999995,
			0.39000000000000001,
			0.44999999999999996,
			0.27000000000000002,
			1.95,
			1.6500000000000001,
			0.39000000000000001,
			1.8899999999999999,
			0.68999999999999995,
			0.68999999999999995,
			1.6500000000000001,
			0.0,
			1.1700000000000002,
			1.71,
			0.51000000000000001,
			1.53,
			0.20999999999999999,
			0.14999999999999999,
			0.39000000000000001,
			1.5900000000000001,
			0.51000000000000001,
			1.71,
			0.56999999999999995,
			0.0,
			1.1100000000000001,
			0.98999999999999988,
			0.14999999999999999,
			0.27000000000000002,
			1.1100000000000001,
			0.98999999999999988,
			0.14999999999999999,
			1.5900000000000001,
			0.44999999999999996,
			1.8899999999999999,
			1.1100000000000001,
			1.95,
			0.56999999999999995,
			1.53,
			1.71,
			1.8300000000000001,
			0.68999999999999995,
			0.14999999999999999,
			0.27000000000000002,
			0.39000000000000001,
			0.14999999999999999,
			0.87,
			0.32999999999999996,
			0.27000000000000002,
			1.53,
			1.5900000000000001,
			0.27000000000000002,
			1.3500000000000001,
			1.05,
			1.71,
			0.63,
			1.8300000000000001,
			0.14999999999999999,
			1.5900000000000001,
			0.20999999999999999,
			0.39000000000000001,
			0.51000000000000001,
			1.3500000000000001,
			1.53,
			1.71,
			0.63,
			0.56999999999999995,
			0.20999999999999999,
			0.14999999999999999,
			1.1700000000000002,
			1.8300000000000001
		],
		[
			1.6500000000000001,
			0.0,
			1.6500000000000001,
			0.68999999999999995,
			1.47,
			1.53,
			0.98999999999999988,
			0.87,
			0.56999999999999995,
			1.47,
			0.80999999999999994,
			0.56999999999999995,
			0.56999999999999995,
			0.56999999999999995,
			1.1700000000000002,
			0.0,
			0.63,
			1.5900000000000001,
			0.44999999999999996,
			1.29,
			1.23,
			0.87,
			0.51000000000000001,
			0.74999999999999989,
			0.63,
			1.6500000000000001,
			1.1700000000000002,
			0.14999999999999999,
			0.27000000000000002,
			1.23,
			1.3500000000000001,
			0.14999999999999999,
			0.27000000000000002,
			1.23,
			0.51000000000000001,
			0.80999999999999994,
			0.80999999999999994,
			0.14999999999999999,
			0.87,
			1.6500000000000001,
			0.44999999999999996,
			0.63,
			0.74999999999999989,
			0.56999999999999995,
			1.1100000000000001,
			0.98999999999999988,
			1.47,
			1.23,
			0.39000000000000001,
			1.4099999999999999,
			0.98999999999999988,
			0.44999999999999996,
			0.51000000000000001,
			0.98999999999999988,
			0.27000000000000002,
			0.20999999999999999,
			0.63,
			0.63,
			0.74999999999999989,
			1.1100000000000001,
			0.51000000000000001,
			1.05,
			1.47,
			1.5900000000000001,
			0.27000000000000002,
			0.44999999999999996,
			0.63,
			0.63,
			0.68999999999999995,
			1.29,
			1.23,
			0.0,
			0.74999999999999989
		],
		[
			2.1899999999999999,
			0.63,
			2.1899999999999999,
			1.23,
			2.0099999999999998,
			2.0699999999999998,
			1.53,
			0.32999999999999996,
			0.14999999999999999,
			2.0099999999999998,
			0.27000000000000002,
			1.1100000000000001,
			1.1100000000000001,
			0.14999999999999999,
			1.71,
			0.63,
			0.0,
			2.1299999999999999,
			0.27000000000000002,
			1.8300000000000001,
			1.77,
			1.4099999999999999,
			0.20999999999999999,
			1.29,
			0.0,
			2.1899999999999999,
			1.71,
			0.68999999999999995,
			0.80999999999999994,
			1.77,
			1.8899999999999999,
			0.68999999999999995,
			0.80999999999999994,
			1.77,
			0.20999999999999999,
			1.3500000000000001,
			0.27000000000000002,
			0.68999999999999995,
			0.32999999999999996,
			2.1899999999999999,
			0.27000000000000002,
			0.0,
			0.20999999999999999,
			1.1100000000000001,
			1.6500000000000001,
			1.53,
			2.0099999999999998,
			1.77,
			0.92999999999999994,
			1.95,
			1.53,
			0.27000000000000002,
			0.20999999999999999,
			1.53,
			0.44999999999999996,
			0.74999999999999989,
			0.0,
			1.1700000000000002,
			0.20999999999999999,
			1.6500000000000001,
			0.20999999999999999,
			1.5900000000000001,
			2.0099999999999998,
			2.1299999999999999,
			0.44999999999999996,
			0.27000000000000002,
			0.0,
			1.1700000000000002,
			1.23,
			1.8300000000000001,
			1.77,
			0.63,
			0.20999999999999999
		],
		[
			0.14999999999999999,
			1.5900000000000001,
			0.14999999999999999,
			0.98999999999999988,
			0.20999999999999999,
			0.14999999999999999,
			0.68999999999999995,
			2.3699999999999997,
			2.0699999999999998,
			0.20999999999999999,
			2.3099999999999996,
			1.1100000000000001,
			1.1100000000000001,
			2.0699999999999998,
			0.51000000000000001,
			1.5900000000000001,
			2.1299999999999999,
			0.0,
			1.95,
			0.39000000000000001,
			0.44999999999999996,
			0.80999999999999994,
			2.0099999999999998,
			0.92999999999999994,
			2.1299999999999999,
			0.14999999999999999,
			0.51000000000000001,
			1.53,
			1.4099999999999999,
			0.44999999999999996,
			0.32999999999999996,
			1.53,
			1.4099999999999999,
			0.44999999999999996,
			2.0099999999999998,
			0.87,
			2.3099999999999996,
			1.53,
			2.3699999999999997,
			0.14999999999999999,
			1.95,
			2.1299999999999999,
			2.25,
			1.1100000000000001,
			0.56999999999999995,
			0.68999999999999995,
			0.20999999999999999,
			0.44999999999999996,
			1.29,
			0.27000000000000002,
			0.68999999999999995,
			1.95,
			2.0099999999999998,
			0.68999999999999995,
			1.77,
			1.47,
			2.1299999999999999,
			1.05,
			2.25,
			0.56999999999999995,
			2.0099999999999998,
			0.63,
			0.20999999999999999,
			0.0,
			1.77,
			1.95,
			2.1299999999999999,
			1.05,
			0.98999999999999988,
			0.39000000000000001,
			0.44999999999999996,
			1.5900000000000001,
			2.25
		],
		[
			2.0099999999999998,
			0.44999999999999996,
			2.0099999999999998,
