{
	"instance_setting" : 
	{
		"average_number_of_tasks_executed_by_yc_per_hour" : 18,
		"external_task_ratio" : 0.10000000000000001,
		"instance_id" : 14,
		"number_of_external_tasks" : 8,
		"number_of_internal_tasks" : 64,
		"number_of_tasks" : 72,
		"planning_window_length_in_hours" : 4.0
	},
	"offline_optimal" : 2110.7900000000063,
	"offline_solution_computation_time_in_seconds" : 1.4793989999999999,
	"offline_solution_task_sequence" : 
	[
		0,
		1,
		2,
		3,
		4,
		5,
		6,
		8,
		10,
		11,
		9,
		12,
		13,
		14,
		7,
		66,
		16,
		17,
		18,
		15,
		21,
		65,
		22,
		27,
		26,
		24,
		25,
		20,
		19,
		29,
		30,
		31,
		28,
		23,
		32,
		67,
		33,
		34,
		35,
		38,
		39,
		40,
		42,
		41,
		43,
		44,
		45,
		48,
		36,
		50,
		37,
		47,
		51,
		49,
		68,
		52,
		69,
		70,
		46,
		53,
		54,
		55,
		57,
		58,
		61,
		63,
		71,
		62,
		56,
		60,
		64,
		59,
		72
	],
	"tasks" : 
	[
		{
			"due_date" : 0.0,
			"id" : 0,
			"is_internal" : true,
			"processing_time" : 0.0,
			"release_time" : 0.0,
			"tardiness_weight" : 0.0
		},
		{
			"due_date" : 5.9900000000000002,
			"id" : 1,
			"is_internal" : true,
			"processing_time" : 3.21,
			"release_time" : 0.59999999999999998,
			"tardiness_weight" : 3.0
		},
		{
			"due_date" : 9.9900000000000002,
			"id" : 2,
			"is_internal" : true,
			"processing_time" : 2.02,
			"release_time" : 7.1299999999999999,
			"tardiness_weight" : 4.0
		},
		{
			"due_date" : 14.75,
			"id" : 3,
			"is_internal" : true,
			"processing_time" : 3.2599999999999998,
			"release_time" : 9.1099999999999994,
			"tardiness_weight" : 3.0
		},
		{
			"due_date" : 16.620000000000001,
			"id" : 4,
			"is_internal" : true,
			"processing_time" : 3.0,
			"release_time" : 10.970000000000001,
			"tardiness_weight" : 3.0
		},
		{
			"due_date" : 21.390000000000001,
			"id" : 5,
			"is_internal" : true,
			"processing_time" : 2.6299999999999999,
			"release_time" : 17.52,
			"tardiness_weight" : 3.0
		},
		{
			"due_date" : 24.379999999999999,
			"id" : 6,
			"is_internal" : true,
			"processing_time" : 2.4900000000000002,
			"release_time" : 19.199999999999999,
			"tardiness_weight" : 4.0
		},
		{
			"due_date" : 26.41,
			"id" : 7,
			"is_internal" : true,
			"processing_time" : 3.1800000000000002,
			"release_time" : 22.199999999999999,
			"tardiness_weight" : 3.0
		},
		{
			"due_date" : 27.920000000000002,
			"id" : 8,
			"is_internal" : true,
			"processing_time" : 3.6200000000000001,
			"release_time" : 22.57,
			"tardiness_weight" : 4.0
		},
		{
			"due_date" : 28.280000000000001,
			"id" : 9,
			"is_internal" : true,
			"processing_time" : 2.3799999999999999,
			"release_time" : 24.710000000000001,
			"tardiness_weight" : 3.0
		},
		{
			"due_date" : 28.98,
			"id" : 10,
			"is_internal" : true,
			"processing_time" : 3.6200000000000001,
			"release_time" : 23.039999999999999,
			"tardiness_weight" : 4.0
		},
		{
			"due_date" : 29.539999999999999,
			"id" : 11,
			"is_internal" : true,
			"processing_time" : 3.73,
			"release_time" : 25.789999999999999,
			"tardiness_weight" : 4.0
		},
		{
			"due_date" : 31.07,
			"id" : 12,
			"is_internal" : true,
			"processing_time" : 2.3900000000000001,
			"release_time" : 27.350000000000001,
			"tardiness_weight" : 3.0
		},
		{
			"due_date" : 35.420000000000002,
			"id" : 13,
			"is_internal" : true,
			"processing_time" : 2.3900000000000001,
			"release_time" : 32.829999999999998,
			"tardiness_weight" : 3.0
		},
		{
			"due_date" : 40.159999999999997,
			"id" : 14,
			"is_internal" : true,
			"processing_time" : 3.5299999999999998,
			"release_time" : 35.299999999999997,
			"tardiness_weight" : 3.0
		},
		{
			"due_date" : 42.93,
			"id" : 15,
			"is_internal" : true,
			"processing_time" : 2.2799999999999998,
			"release_time" : 39.439999999999998,
			"tardiness_weight" : 3.0
		},
		{
			"due_date" : 46.539999999999999,
			"id" : 16,
			"is_internal" : true,
			"processing_time" : 3.75,
			"release_time" : 42.32,
			"tardiness_weight" : 4.0
		},
		{
			"due_date" : 46.920000000000002,
			"id" : 17,
			"is_internal" : true,
			"processing_time" : 3.3199999999999998,
			"release_time" : 41.520000000000003,
			"tardiness_weight" : 4.0
		},
		{
			"due_date" : 48.0,
			"id" : 18,
			"is_internal" : true,
			"processing_time" : 3.2999999999999998,
			"release_time" : 42.07,
			"tardiness_weight" : 4.0
		},
		{
			"due_date" : 60.219999999999999,
			"id" : 19,
			"is_internal" : true,
			"processing_time" : 3.5600000000000001,
			"release_time" : 55.200000000000003,
			"tardiness_weight" : 3.0
		},
		{
			"due_date" : 66.959999999999994,
			"id" : 20,
			"is_internal" : true,
			"processing_time" : 2.71,
			"release_time" : 63.149999999999999,
			"tardiness_weight" : 4.0
		},
		{
			"due_date" : 70.390000000000001,
			"id" : 21,
			"is_internal" : true,
			"processing_time" : 2.6400000000000001,
			"release_time" : 67.519999999999996,
			"tardiness_weight" : 4.0
		},
		{
			"due_date" : 74.540000000000006,
			"id" : 22,
			"is_internal" : true,
			"processing_time" : 3.8700000000000001,
			"release_time" : 69.849999999999994,
			"tardiness_weight" : 3.0
		},
		{
			"due_date" : 75.200000000000003,
			"id" : 23,
			"is_internal" : true,
			"processing_time" : 2.6099999999999999,
			"release_time" : 71.230000000000004,
			"tardiness_weight" : 3.0
		},
		{
			"due_date" : 76.260000000000005,
			"id" : 24,
			"is_internal" : true,
			"processing_time" : 2.8599999999999999,
			"release_time" : 71.200000000000003,
			"tardiness_weight" : 3.0
		},
		{
			"due_date" : 77.640000000000001,
			"id" : 25,
			"is_internal" : true,
			"processing_time" : 2.8799999999999999,
			"release_time" : 72.370000000000005,
			"tardiness_weight" : 4.0
		},
		{
			"due_date" : 79.489999999999995,
			"id" : 26,
			"is_internal" : true,
			"processing_time" : 3.8700000000000001,
			"release_time" : 74.579999999999998,
			"tardiness_weight" : 4.0
		},
		{
			"due_date" : 81.959999999999994,
			"id" : 27,
			"is_internal" : true,
			"processing_time" : 2.0699999999999998,
			"release_time" : 77.569999999999993,
			"tardiness_weight" : 3.0
		},
		{
			"due_date" : 89.450000000000003,
			"id" : 28,
			"is_internal" : true,
			"processing_time" : 2.6499999999999999,
			"release_time" : 86.390000000000001,
			"tardiness_weight" : 4.0
		},
		{
			"due_date" : 99.299999999999997,
			"id" : 29,
			"is_internal" : true,
			"processing_time" : 2.6499999999999999,
			"release_time" : 94.200000000000003,
			"tardiness_weight" : 4.0
		},
		{
			"due_date" : 104.97,
			"id" : 30,
			"is_internal" : true,
			"processing_time" : 3.0499999999999998,
			"release_time" : 99.319999999999993,
			"tardiness_weight" : 4.0
		},
		{
			"due_date" : 107.5,
			"id" : 31,
			"is_internal" : true,
			"processing_time" : 2.8199999999999998,
			"release_time" : 104.29000000000001,
			"tardiness_weight" : 4.0
		},
		{
			"due_date" : 116.38,
			"id" : 32,
			"is_internal" : true,
			"processing_time" : 2.2400000000000002,
			"release_time" : 111.04000000000001,
			"tardiness_weight" : 4.0
		},
		{
			"due_date" : 123.51000000000001,
			"id" : 33,
			"is_internal" : true,
			"processing_time" : 2.8700000000000001,
			"release_time" : 117.97,
			"tardiness_weight" : 3.0
		},
		{
			"due_date" : 123.56999999999999,
			"id" : 34,
			"is_internal" : true,
			"processing_time" : 2.4300000000000002,
			"release_time" : 119.83,
			"tardiness_weight" : 3.0
		},
		{
			"due_date" : 124.77,
			"id" : 35,
			"is_internal" : true,
			"processing_time" : 3.4900000000000002,
			"release_time" : 120.09,
			"tardiness_weight" : 4.0
		},
		{
			"due_date" : 127.41,
			"id" : 36,
			"is_internal" : true,
			"processing_time" : 3.2599999999999998,
			"release_time" : 122.81999999999999,
			"tardiness_weight" : 4.0
		},
		{
			"due_date" : 127.43000000000001,
			"id" : 37,
			"is_internal" : true,
			"processing_time" : 2.27,
			"release_time" : 121.47,
			"tardiness_weight" : 3.0
		},
		{
			"due_date" : 129.69999999999999,
			"id" : 38,
			"is_internal" : true,
			"processing_time" : 3.3199999999999998,
			"release_time" : 126.11,
			"tardiness_weight" : 3.0
		},
		{
			"due_date" : 134.91999999999999,
			"id" : 39,
			"is_internal" : true,
			"processing_time" : 2.2200000000000002,
			"release_time" : 131.0,
			"tardiness_weight" : 4.0
		},
		{
			"due_date" : 135.31,
			"id" : 40,
			"is_internal" : true,
			"processing_time" : 3.6499999999999999,
			"release_time" : 129.49000000000001,
			"tardiness_weight" : 3.0
		},
		{
			"due_date" : 141.21000000000001,
			"id" : 41,
			"is_internal" : true,
			"processing_time" : 2.5699999999999998,
			"release_time" : 138.59,
			"tardiness_weight" : 4.0
		},
		{
			"due_date" : 144.61000000000001,
			"id" : 42,
			"is_internal" : true,
			"processing_time" : 2.0499999999999998,
			"release_time" : 139.69999999999999,
			"tardiness_weight" : 4.0
		},
		{
			"due_date" : 145.53,
			"id" : 43,
			"is_internal" : true,
			"processing_time" : 2.96,
			"release_time" : 142.13999999999999,
			"tardiness_weight" : 4.0
		},
		{
			"due_date" : 151.97,
			"id" : 44,
			"is_internal" : true,
			"processing_time" : 2.73,
			"release_time" : 146.47999999999999,
			"tardiness_weight" : 3.0
		},
		{
			"due_date" : 154.13999999999999,
			"id" : 45,
			"is_internal" : true,
			"processing_time" : 3.7799999999999998,
			"release_time" : 149.00999999999999,
			"tardiness_weight" : 4.0
		},
		{
			"due_date" : 154.72,
			"id" : 46,
			"is_internal" : true,
			"processing_time" : 3.9700000000000002,
			"release_time" : 150.68000000000001,
			"tardiness_weight" : 3.0
		},
		{
			"due_date" : 155.41999999999999,
			"id" : 47,
			"is_internal" : true,
			"processing_time" : 2.7599999999999998,
			"release_time" : 150.69999999999999,
			"tardiness_weight" : 3.0
		},
		{
			"due_date" : 156.63999999999999,
			"id" : 48,
			"is_internal" : true,
			"processing_time" : 2.6600000000000001,
			"release_time" : 150.81999999999999,
			"tardiness_weight" : 4.0
		},
		{
			"due_date" : 161.33000000000001,
			"id" : 49,
			"is_internal" : true,
			"processing_time" : 3.3300000000000001,
			"release_time" : 155.65000000000001,
			"tardiness_weight" : 3.0
		},
		{
			"due_date" : 164.03999999999999,
			"id" : 50,
			"is_internal" : true,
			"processing_time" : 2.0,
			"release_time" : 160.66999999999999,
			"tardiness_weight" : 4.0
		},
		{
			"due_date" : 171.44999999999999,
			"id" : 51,
			"is_internal" : true,
			"processing_time" : 2.3399999999999999,
			"release_time" : 167.86000000000001,
			"tardiness_weight" : 4.0
		},
		{
			"due_date" : 184.65000000000001,
			"id" : 52,
			"is_internal" : true,
			"processing_time" : 3.7400000000000002,
			"release_time" : 178.81999999999999,
			"tardiness_weight" : 4.0
		},
		{
			"due_date" : 191.19999999999999,
			"id" : 53,
			"is_internal" : true,
			"processing_time" : 3.6600000000000001,
			"release_time" : 187.03,
			"tardiness_weight" : 3.0
		},
		{
			"due_date" : 198.33000000000001,
			"id" : 54,
			"is_internal" : true,
			"processing_time" : 3.8100000000000001,
			"release_time" : 194.22,
			"tardiness_weight" : 4.0
		},
		{
			"due_date" : 203.06999999999999,
			"id" : 55,
			"is_internal" : true,
			"processing_time" : 2.6800000000000002,
			"release_time" : 199.93000000000001,
			"tardiness_weight" : 3.0
		},
		{
			"due_date" : 207.78,
			"id" : 56,
			"is_internal" : true,
			"processing_time" : 3.3599999999999999,
			"release_time" : 202.97,
			"tardiness_weight" : 4.0
		},
		{
			"due_date" : 208.47,
			"id" : 57,
			"is_internal" : true,
			"processing_time" : 3.8399999999999999,
			"release_time" : 204.49000000000001,
			"tardiness_weight" : 4.0
		},
		{
			"due_date" : 213.72,
			"id" : 58,
			"is_internal" : true,
			"processing_time" : 3.73,
			"release_time" : 208.36000000000001,
			"tardiness_weight" : 3.0
		},
		{
			"due_date" : 216.74000000000001,
			"id" : 59,
			"is_internal" : true,
			"processing_time" : 3.3199999999999998,
			"release_time" : 213.31,
			"tardiness_weight" : 3.0
		},
		{
			"due_date" : 217.47,
			"id" : 60,
			"is_internal" : true,
			"processing_time" : 2.8300000000000001,
			"release_time" : 211.53999999999999,
			"tardiness_weight" : 3.0
		},
		{
			"due_date" : 218.30000000000001,
			"id" : 61,
			"is_internal" : true,
			"processing_time" : 3.8599999999999999,
			"release_time" : 212.68000000000001,
			"tardiness_weight" : 4.0
		},
		{
			"due_date" : 220.75,
			"id" : 62,
			"is_internal" : true,
			"processing_time" : 2.3999999999999999,
			"release_time" : 215.31,
			"tardiness_weight" : 4.0
		},
		{
			"due_date" : 221.74000000000001,
			"id" : 63,
			"is_internal" : true,
			"processing_time" : 3.7999999999999998,
			"release_time" : 217.44,
			"tardiness_weight" : 3.0
		},
		{
			"due_date" : 232.05000000000001,
			"id" : 64,
			"is_internal" : true,
			"processing_time" : 2.6000000000000001,
			"release_time" : 229.28999999999999,
			"tardiness_weight" : 4.0
		},
		{
			"due_date" : 21.920000000000002,
			"id" : 65,
			"is_internal" : false,
			"processing_time" : 2.0,
			"release_time" : 19.920000000000002,
			"tardiness_weight" : 1.0
		},
		{
			"due_date" : 22.52,
			"id" : 66,
			"is_internal" : false,
			"processing_time" : 2.0,
			"release_time" : 20.52,
			"tardiness_weight" : 1.0
		},
		{
			"due_date" : 88.129999999999995,
			"id" : 67,
			"is_internal" : false,
			"processing_time" : 2.0,
			"release_time" : 86.129999999999995,
			"tardiness_weight" : 1.0
		},
		{
			"due_date" : 141.91,
			"id" : 68,
			"is_internal" : false,
			"processing_time" : 2.0,
			"release_time" : 139.91,
			"tardiness_weight" : 1.0
		},
		{
			"due_date" : 147.94,
			"id" : 69,
			"is_internal" : false,
			"processing_time" : 2.0,
			"release_time" : 145.94,
			"tardiness_weight" : 1.0
		},
		{
			"due_date" : 159.34,
			"id" : 70,
			"is_internal" : false,
			"processing_time" : 2.0,
			"release_time" : 157.34,
			"tardiness_weight" : 1.0
		},
		{
			"due_date" : 218.22,
			"id" : 71,
			"is_internal" : false,
			"processing_time" : 2.0,
			"release_time" : 216.22,
			"tardiness_weight" : 1.0
		},
		{
			"due_date" : 240.75,
			"id" : 72,
			"is_internal" : false,
			"processing_time" : 2.0,
			"release_time" : 238.75,
			"tardiness_weight" : 1.0
		}
	],
	"time_adjacency_matrix" : 
	[
		[
			0.0,
			1.3500000000000001,
			1.47,
			2.3099999999999996,
			1.8300000000000001,
			1.4099999999999999,
			2.0099999999999998,
			0.56999999999999995,
			2.1299999999999999,
			0.92999999999999994,
			1.8300000000000001,
			1.77,
			0.74999999999999989,
			0.68999999999999995,
			0.68999999999999995,
			2.3099999999999996,
			1.53,
			1.95,
			2.1899999999999999,
			0.51000000000000001,
			0.0,
			1.1700000000000002,
			0.63,
			1.77,
			0.44999999999999996,
			0.20999999999999999,
			0.92999999999999994,
			0.74999999999999989,
			1.77,
			0.44999999999999996,
			0.56999999999999995,
			0.63,
			1.47,
			2.25,
			1.6500000000000001,
			1.5900000000000001,
			0.63,
			0.27000000000000002,
			2.1899999999999999,
			2.0099999999999998,
			1.05,
			1.6500000000000001,
			1.53,
			1.71,
			1.77,
			1.47,
			2.25,
			0.0,
			1.1100000000000001,
			0.74999999999999989,
			0.51000000000000001,
			0.20999999999999999,
			1.1100000000000001,
			0.63,
			0.39000000000000001,
			0.44999999999999996,
			2.0699999999999998,
			1.05,
			0.74999999999999989,
			0.14999999999999999,
			2.1899999999999999,
			0.87,
			2.0699999999999998,
			0.98999999999999988,
			1.6500000000000001,
			1.05,
			0.74999999999999989,
			2.3099999999999996,
			1.23,
			1.4099999999999999,
			1.8300000000000001,
			1.05,
			1.29
		],
		[
			1.3500000000000001,
			0.0,
			0.20999999999999999,
			1.05,
			0.56999999999999995,
			0.14999999999999999,
			0.74999999999999989,
			0.87,
			0.87,
			0.51000000000000001,
			0.56999999999999995,
			0.51000000000000001,
			0.68999999999999995,
			0.74999999999999989,
			0.74999999999999989,
			1.05,
			0.27000000000000002,
			0.68999999999999995,
			0.92999999999999994,
			0.92999999999999994,
			1.3500000000000001,
			0.27000000000000002,
			0.80999999999999994,
			0.51000000000000001,
			0.98999999999999988,
			1.23,
			0.51000000000000001,
			0.68999999999999995,
			0.51000000000000001,
			0.98999999999999988,
			0.87,
			0.80999999999999994,
			0.20999999999999999,
			0.98999999999999988,
			0.39000000000000001,
			0.32999999999999996,
			0.80999999999999994,
			1.1700000000000002,
			0.92999999999999994,
			0.74999999999999989,
			0.39000000000000001,
			0.39000000000000001,
			0.27000000000000002,
			0.44999999999999996,
			0.51000000000000001,
			0.20999999999999999,
			0.98999999999999988,
			1.3500000000000001,
			0.32999999999999996,
			0.68999999999999995,
			0.92999999999999994,
			1.23,
			0.32999999999999996,
			0.80999999999999994,
			1.05,
			0.98999999999999988,
			0.80999999999999994,
			0.39000000000000001,
			0.68999999999999995,
			1.29,
			0.92999999999999994,
			0.56999999999999995,
			0.80999999999999994,
			0.44999999999999996,
			0.39000000000000001,
			0.39000000000000001,
			0.68999999999999995,
			1.05,
			0.20999999999999999,
			0.14999999999999999,
			0.56999999999999995,
			0.39000000000000001,
			0.14999999999999999
		],
		[
			1.47,
			0.20999999999999999,
			0.0,
			0.92999999999999994,
			0.44999999999999996,
			0.14999999999999999,
			0.63,
			0.98999999999999988,
			0.74999999999999989,
			0.63,
			0.44999999999999996,
			0.39000000000000001,
			0.80999999999999994,
			0.87,
			0.87,
			0.92999999999999994,
			0.14999999999999999,
			0.56999999999999995,
			0.80999999999999994,
			1.05,
			1.47,
			0.39000000000000001,
			0.92999999999999994,
			0.39000000000000001,
			1.1100000000000001,
			1.3500000000000001,
			0.63,
			0.80999999999999994,
			0.39000000000000001,
			1.1100000000000001,
			0.98999999999999988,
			0.92999999999999994,
			0.0,
			0.87,
			0.27000000000000002,
			0.20999999999999999,
			0.92999999999999994,
			1.29,
			0.80999999999999994,
			0.63,
			0.51000000000000001,
			0.27000000000000002,
			0.14999999999999999,
			0.32999999999999996,
			0.39000000000000001,
			0.0,
			0.87,
			1.47,
			0.44999999999999996,
			0.80999999999999994,
			1.05,
			1.3500000000000001,
			0.44999999999999996,
			0.92999999999999994,
			1.1700000000000002,
			1.1100000000000001,
			0.68999999999999995,
			0.51000000000000001,
			0.80999999999999994,
			1.4099999999999999,
			0.80999999999999994,
			0.68999999999999995,
			0.68999999999999995,
			0.56999999999999995,
			0.27000000000000002,
			0.51000000000000001,
			0.80999999999999994,
			0.92999999999999994,
			0.32999999999999996,
			0.14999999999999999,
			0.44999999999999996,
			0.51000000000000001,
			0.27000000000000002
		],
		[
			2.3099999999999996,
			1.05,
			0.92999999999999994,
			0.0,
			0.56999999999999995,
			0.98999999999999988,
			0.39000000000000001,
			1.8300000000000001,
			0.27000000000000002,
			1.47,
			0.56999999999999995,
			0.63,
			1.6500000000000001,
			1.71,
			1.71,
			0.0,
			0.87,
			0.44999999999999996,
			0.20999999999999999,
			1.8899999999999999,
			2.3099999999999996,
			1.23,
			1.77,
			0.63,
			1.95,
			2.1899999999999999,
			1.47,
			1.6500000000000001,
			0.63,
			1.95,
			1.8300000000000001,
			1.77,
			0.92999999999999994,
			0.14999999999999999,
			0.74999999999999989,
			0.80999999999999994,
			1.77,
			2.1299999999999999,
			0.20999999999999999,
			0.39000000000000001,
			1.3500000000000001,
			0.74999999999999989,
			0.87,
			0.68999999999999995,
			0.63,
			0.92999999999999994,
			0.14999999999999999,
			2.3099999999999996,
			1.29,
			1.6500000000000001,
			1.8899999999999999,
			2.1899999999999999,
			1.29,
			1.77,
			2.0099999999999998,
			1.95,
			0.32999999999999996,
			1.3500000000000001,
			1.6500000000000001,
			2.25,
			0.20999999999999999,
			1.53,
			0.32999999999999996,
			1.4099999999999999,
			0.74999999999999989,
			1.3500000000000001,
			1.6500000000000001,
			0.0,
			1.1700000000000002,
			0.98999999999999988,
			0.56999999999999995,
			1.3500000000000001,
			1.1100000000000001
		],
		[
			1.8300000000000001,
			0.56999999999999995,
			0.44999999999999996,
			0.56999999999999995,
			0.0,
			0.51000000000000001,
			0.27000000000000002,
			1.3500000000000001,
			0.39000000000000001,
			0.98999999999999988,
			0.0,
			0.14999999999999999,
			1.1700000000000002,
			1.23,
			1.23,
			0.56999999999999995,
			0.39000000000000001,
			0.20999999999999999,
			0.44999999999999996,
			1.4099999999999999,
			1.8300000000000001,
			0.74999999999999989,
			1.29,
			0.14999999999999999,
			1.47,
			1.71,
			0.98999999999999988,
			1.1700000000000002,
			0.14999999999999999,
			1.47,
			1.3500000000000001,
			1.29,
			0.44999999999999996,
			0.51000000000000001,
			0.27000000000000002,
			0.32999999999999996,
			1.29,
			1.6500000000000001,
			0.44999999999999996,
			0.27000000000000002,
			0.87,
			0.27000000000000002,
			0.39000000000000001,
			0.20999999999999999,
			0.14999999999999999,
			0.44999999999999996,
			0.51000000000000001,
			1.8300000000000001,
			0.80999999999999994,
			1.1700000000000002,
			1.4099999999999999,
			1.71,
			0.80999999999999994,
			1.29,
			1.53,
			1.47,
			0.32999999999999996,
			0.87,
			1.1700000000000002,
			1.77,
			0.44999999999999996,
			1.05,
			0.32999999999999996,
			0.92999999999999994,
			0.27000000000000002,
			0.87,
			1.1700000000000002,
			0.56999999999999995,
			0.68999999999999995,
			0.51000000000000001,
			0.0,
			0.87,
			0.63
		],
		[
			1.4099999999999999,
			0.14999999999999999,
			0.14999999999999999,
			0.98999999999999988,
			0.51000000000000001,
			0.0,
			0.68999999999999995,
			0.92999999999999994,
			0.80999999999999994,
			0.56999999999999995,
			0.51000000000000001,
			0.44999999999999996,
			0.74999999999999989,
			0.80999999999999994,
			0.80999999999999994,
			0.98999999999999988,
			0.20999999999999999,
			0.63,
			0.87,
			0.98999999999999988,
			1.4099999999999999,
			0.32999999999999996,
			0.87,
			0.44999999999999996,
			1.05,
			1.29,
			0.56999999999999995,
			0.74999999999999989,
			0.44999999999999996,
			1.05,
			0.92999999999999994,
			0.87,
			0.14999999999999999,
			0.92999999999999994,
			0.32999999999999996,
			0.27000000000000002,
			0.87,
			1.23,
			0.87,
			0.68999999999999995,
			0.44999999999999996,
			0.32999999999999996,
			0.20999999999999999,
			0.39000000000000001,
			0.44999999999999996,
			0.14999999999999999,
			0.92999999999999994,
			1.4099999999999999,
			0.39000000000000001,
			0.74999999999999989,
			0.98999999999999988,
			1.29,
			0.39000000000000001,
			0.87,
			1.1100000000000001,
			1.05,
			0.74999999999999989,
			0.44999999999999996,
			0.74999999999999989,
			1.3500000000000001,
			0.87,
			0.63,
			0.74999999999999989,
			0.51000000000000001,
			0.32999999999999996,
			0.44999999999999996,
			0.74999999999999989,
			0.98999999999999988,
			0.27000000000000002,
			0.0,
			0.51000000000000001,
			0.44999999999999996,
			0.20999999999999999
		],
		[
			2.0099999999999998,
			0.74999999999999989,
			0.63,
			0.39000000000000001,
			0.27000000000000002,
			0.68999999999999995,
			0.0,
			1.53,
			0.20999999999999999,
			1.1700000000000002,
			0.27000000000000002,
			0.32999999999999996,
			1.3500000000000001,
			1.4099999999999999,
			1.4099999999999999,
			0.39000000000000001,
			0.56999999999999995,
			0.14999999999999999,
			0.27000000000000002,
			1.5900000000000001,
			2.0099999999999998,
			0.92999999999999994,
			1.47,
			0.32999999999999996,
			1.6500000000000001,
			1.8899999999999999,
			1.1700000000000002,
			1.3500000000000001,
			0.32999999999999996,
			1.6500000000000001,
			1.53,
			1.47,
			0.63,
			0.32999999999999996,
			0.44999999999999996,
			0.51000000000000001,
			1.47,
			1.8300000000000001,
			0.27000000000000002,
			0.0,
			1.05,
			0.44999999999999996,
			0.56999999999999995,
			0.39000000000000001,
			0.32999999999999996,
			0.63,
			0.32999999999999996,
			2.0099999999999998,
			0.98999999999999988,
			1.3500000000000001,
			1.5900000000000001,
			1.8899999999999999,
			0.98999999999999988,
			1.47,
			1.71,
			1.6500000000000001,
			0.14999999999999999,
			1.05,
			1.3500000000000001,
			1.95,
			0.27000000000000002,
			1.23,
			0.14999999999999999,
			1.1100000000000001,
			0.44999999999999996,
			1.05,
			1.3500000000000001,
			0.39000000000000001,
			0.87,
			0.68999999999999995,
			0.27000000000000002,
			1.05,
			0.80999999999999994
		],
		[
			0.56999999999999995,
			0.87,
			0.98999999999999988,
			1.8300000000000001,
			1.3500000000000001,
			0.92999999999999994,
			1.53,
			0.0,
			1.6500000000000001,
			0.44999999999999996,
			1.3500000000000001,
			1.29,
			0.27000000000000002,
			0.20999999999999999,
			0.20999999999999999,
			1.8300000000000001,
			1.05,
			1.47,
			1.71,
			0.14999999999999999,
			0.56999999999999995,
			0.68999999999999995,
			0.14999999999999999,
			1.29,
			0.20999999999999999,
			0.44999999999999996,
			0.44999999999999996,
			0.27000000000000002,
			1.29,
			0.20999999999999999,
			0.0,
			0.14999999999999999,
			0.98999999999999988,
			1.77,
			1.1700000000000002,
			1.1100000000000001,
			0.14999999999999999,
			0.39000000000000001,
			1.71,
			1.53,
			0.56999999999999995,
			1.1700000000000002,
			1.05,
			1.23,
			1.29,
			0.98999999999999988,
			1.77,
			0.56999999999999995,
			0.63,
			0.27000000000000002,
			0.14999999999999999,
			0.44999999999999996,
			0.63,
			0.14999999999999999,
			0.27000000000000002,
			0.20999999999999999,
			1.5900000000000001,
			0.56999999999999995,
			0.27000000000000002,
			0.51000000000000001,
			1.71,
			0.39000000000000001,
			1.5900000000000001,
			0.51000000000000001,
			1.1700000000000002,
			0.56999999999999995,
			0.27000000000000002,
			1.8300000000000001,
			0.74999999999999989,
			0.92999999999999994,
			1.3500000000000001,
			0.56999999999999995,
			0.80999999999999994
		],
		[
			2.1299999999999999,
			0.87,
			0.74999999999999989,
			0.27000000000000002,
			0.39000000000000001,
			0.80999999999999994,
			0.20999999999999999,
			1.6500000000000001,
			0.0,
			1.29,
			0.39000000000000001,
			0.44999999999999996,
			1.47,
			1.53,
			1.53,
			0.27000000000000002,
			0.68999999999999995,
			0.27000000000000002,
			0.14999999999999999,
			1.71,
			2.1299999999999999,
			1.05,
			1.5900000000000001,
			0.44999999999999996,
			1.77,
			2.0099999999999998,
			1.29,
			1.47,
			0.44999999999999996,
			1.77,
			1.6500000000000001,
			1.5900000000000001,
			0.74999999999999989,
			0.20999999999999999,
			0.56999999999999995,
			0.63,
			1.5900000000000001,
			1.95,
			0.14999999999999999,
			0.20999999999999999,
			1.1700000000000002,
			0.56999999999999995,
			0.68999999999999995,
			0.51000000000000001,
			0.44999999999999996,
			0.74999999999999989,
			0.20999999999999999,
			2.1299999999999999,
			1.1100000000000001,
			1.47,
			1.71,
			2.0099999999999998,
			1.1100000000000001,
			1.5900000000000001,
			1.8300000000000001,
			1.77,
			0.14999999999999999,
			1.1700000000000002,
			1.47,
			2.0699999999999998,
			0.14999999999999999,
			1.3500000000000001,
			0.14999999999999999,
			1.23,
			0.56999999999999995,
			1.1700000000000002,
			1.47,
			0.27000000000000002,
			0.98999999999999988,
			0.80999999999999994,
			0.39000000000000001,
			1.1700000000000002,
			0.92999999999999994
		],
		[
			0.92999999999999994,
			0.51000000000000001,
			0.63,
			1.47,
			0.98999999999999988,
			0.56999999999999995,
			1.1700000000000002,
			0.44999999999999996,
			1.29,
			0.0,
			0.98999999999999988,
			0.92999999999999994,
			0.27000000000000002,
			0.32999999999999996,
			0.32999999999999996,
			1.47,
			0.68999999999999995,
			1.1100000000000001,
			1.3500000000000001,
			0.51000000000000001,
			0.92999999999999994,
			0.32999999999999996,
			0.39000000000000001,
			0.92999999999999994,
			0.56999999999999995,
			0.80999999999999994,
			0.0,
			0.27000000000000002,
			0.92999999999999994,
			0.56999999999999995,
			0.44999999999999996,
			0.39000000000000001,
			0.63,
			1.4099999999999999,
			0.80999999999999994,
			0.74999999999999989,
			0.39000000000000001,
			0.74999999999999989,
			1.3500000000000001,
			1.1700000000000002,
			0.20999999999999999,
			0.80999999999999994,
			0.68999999999999995,
			0.87,
			0.92999999999999994,
			0.63,
			1.4099999999999999,
			0.92999999999999994,
			0.27000000000000002,
			0.27000000000000002,
			0.51000000000000001,
			0.80999999999999994,
			0.27000000000000002,
			0.39000000000000001,
			0.63,
			0.56999999999999995,
			1.23,
			0.20999999999999999,
			0.27000000000000002,
			0.87,
			1.3500000000000001,
			0.14999999999999999,
			1.23,
			0.14999999999999999,
			0.80999999999999994,
			0.20999999999999999,
			0.27000000000000002,
			1.47,
			0.39000000000000001,
			0.56999999999999995,
			0.98999999999999988,
			0.20999999999999999,
			0.44999999999999996
		],
		[
			1.8300000000000001,
			0.56999999999999995,
			0.44999999999999996,
			0.56999999999999995,
			0.0,
			0.51000000000000001,
			0.27000000000000002,
			1.3500000000000001,
			0.39000000000000001,
			0.98999999999999988,
			0.0,
			0.14999999999999999,
			1.1700000000000002,
			1.23,
			1.23,
			0.56999999999999995,
			0.39000000000000001,
			0.20999999999999999,
			0.44999999999999996,
			1.4099999999999999,
			1.8300000000000001,
			0.74999999999999989,
			1.29,
			0.14999999999999999,
			1.47,
			1.71,
			0.98999999999999988,
			1.1700000000000002,
			0.14999999999999999,
			1.47,
			1.3500000000000001,
			1.29,
			0.44999999999999996,
			0.51000000000000001,
			0.27000000000000002,
			0.32999999999999996,
			1.29,
			1.6500000000000001,
			0.44999999999999996,
			0.27000000000000002,
			0.87,
			0.27000000000000002,
			0.39000000000000001,
			0.20999999999999999,
			0.14999999999999999,
			0.44999999999999996,
			0.51000000000000001,
			1.8300000000000001,
			0.80999999999999994,
			1.1700000000000002,
			1.4099999999999999,
			1.71,
			0.80999999999999994,
			1.29,
			1.53,
			1.47,
			0.32999999999999996,
			0.87,
			1.1700000000000002,
			1.77,
			0.44999999999999996,
			1.05,
			0.32999999999999996,
			0.92999999999999994,
			0.27000000000000002,
			0.87,
			1.1700000000000002,
			0.56999999999999995,
			0.68999999999999995,
			0.51000000000000001,
			0.0,
			0.87,
			0.63
		],
		[
			1.77,
			0.51000000000000001,
			0.39000000000000001,
			0.63,
			0.14999999999999999,
			0.44999999999999996,
			0.32999999999999996,
			1.29,
			0.44999999999999996,
			0.92999999999999994,
			0.14999999999999999,
			0.0,
			1.1100000000000001,
			1.1700000000000002,
			1.1700000000000002,
			0.63,
			0.32999999999999996,
			0.27000000000000002,
			0.51000000000000001,
			1.3500000000000001,
			1.77,
			0.68999999999999995,
			1.23,
			0.0,
			1.4099999999999999,
			1.6500000000000001,
			0.92999999999999994,
			1.1100000000000001,
			0.0,
			1.4099999999999999,
			1.29,
			1.23,
			0.39000000000000001,
			0.56999999999999995,
			0.20999999999999999,
			0.27000000000000002,
			1.23,
			1.5900000000000001,
			0.51000000000000001,
			0.32999999999999996,
			0.80999999999999994,
			0.20999999999999999,
			0.32999999999999996,
			0.14999999999999999,
			0.0,
			0.39000000000000001,
			0.56999999999999995,
			1.77,
			0.74999999999999989,
			1.1100000000000001,
			1.3500000000000001,
			1.6500000000000001,
			0.74999999999999989,
			1.23,
			1.47,
			1.4099999999999999,
			0.39000000000000001,
			0.80999999999999994,
			1.1100000000000001,
			1.71,
			0.51000000000000001,
			0.98999999999999988,
			0.39000000000000001,
			0.87,
			0.20999999999999999,
			0.80999999999999994,
			1.1100000000000001,
			0.63,
			0.63,
			0.44999999999999996,
			0.14999999999999999,
			0.80999999999999994,
			0.56999999999999995
		],
		[
			0.74999999999999989,
			0.68999999999999995,
			0.80999999999999994,
			1.6500000000000001,
			1.1700000000000002,
			0.74999999999999989,
			1.3500000000000001,
			0.27000000000000002,
			1.47,
			0.27000000000000002,
			1.1700000000000002,
			1.1100000000000001,
			0.0,
			0.14999999999999999,
			0.14999999999999999,
			1.6500000000000001,
			0.87,
			1.29,
			1.53,
			0.32999999999999996,
			0.74999999999999989,
			0.51000000000000001,
			0.20999999999999999,
			1.1100000000000001,
			0.39000000000000001,
			0.63,
			0.27000000000000002,
			0.0,
			1.1100000000000001,
			0.39000000000000001,
			0.27000000000000002,
			0.20999999999999999,
			0.80999999999999994,
			1.5900000000000001,
			0.98999999999999988,
			0.92999999999999994,
			0.20999999999999999,
			0.56999999999999995,
			1.53,
			1.3500000000000001,
			0.39000000000000001,
			0.98999999999999988,
			0.87,
			1.05,
			1.1100000000000001,
			0.80999999999999994,
			1.5900000000000001,
			0.74999999999999989,
			0.44999999999999996,
			0.0,
			0.32999999999999996,
			0.63,
			0.44999999999999996,
			0.20999999999999999,
			0.44999999999999996,
			0.39000000000000001,
			1.4099999999999999,
			0.39000000000000001,
			0.0,
			0.68999999999999995,
			1.53,
			0.20999999999999999,
			1.4099999999999999,
			0.32999999999999996,
			0.98999999999999988,
			0.39000000000000001,
			0.0,
			1.6500000000000001,
			0.56999999999999995,
			0.74999999999999989,
			1.1700000000000002,
			0.39000000000000001,
			0.63
		],
		[
			0.68999999999999995,
			0.74999999999999989,
			0.87,
			1.71,
			1.23,
			0.80999999999999994,
			1.4099999999999999,
			0.20999999999999999,
			1.53,
			0.32999999999999996,
			1.23,
			1.1700000000000002,
			0.14999999999999999,
			0.0,
			0.0,
			1.71,
			0.92999999999999994,
			1.3500000000000001,
			1.5900000000000001,
			0.27000000000000002,
			0.68999999999999995,
			0.56999999999999995,
			0.14999999999999999,
			1.1700000000000002,
			0.32999999999999996,
			0.56999999999999995,
			0.32999999999999996,
			0.14999999999999999,
			1.1700000000000002,
			0.32999999999999996,
			0.20999999999999999,
			0.14999999999999999,
			0.87,
			1.6500000000000001,
			1.05,
			0.98999999999999988,
			0.14999999999999999,
			0.51000000000000001,
			1.5900000000000001,
			1.4099999999999999,
			0.44999999999999996,
			1.05,
			0.92999999999999994,
			1.1100000000000001,
			1.1700000000000002,
			0.87,
			1.6500000000000001,
			0.68999999999999995,
			0.51000000000000001,
			0.14999999999999999,
			0.27000000000000002,
			0.56999999999999995,
			0.51000000000000001,
			0.14999999999999999,
			0.39000000000000001,
			0.32999999999999996,
			1.47,
			0.44999999999999996,
			0.14999999999999999,
			0.63,
			1.5900000000000001,
			0.27000000000000002,
			1.47,
			0.39000000000000001,
			1.05,
			0.44999999999999996,
			0.14999999999999999,
			1.71,
			0.63,
			0.80999999999999994,
			1.23,
			0.44999999999999996,
			0.68999999999999995
		],
		[
			0.68999999999999995,
			0.74999999999999989,
			0.87,
			1.71,
			1.23,
			0.80999999999999994,
			1.4099999999999999,
			0.20999999999999999,
			1.53,
			0.32999999999999996,
			1.23,
			1.1700000000000002,
			0.14999999999999999,
			0.0,
			0.0,
			1.71,
			0.92999999999999994,
			1.3500000000000001,
			1.5900000000000001,
			0.27000000000000002,
			0.68999999999999995,
			0.56999999999999995,
			0.14999999999999999,
			1.1700000000000002,
			0.32999999999999996,
			0.56999999999999995,
			0.32999999999999996,
			0.14999999999999999,
			1.1700000000000002,
			0.32999999999999996,
			0.20999999999999999,
			0.14999999999999999,
			0.87,
			1.6500000000000001,
			1.05,
			0.98999999999999988,
			0.14999999999999999,
			0.51000000000000001,
			1.5900000000000001,
			1.4099999999999999,
			0.44999999999999996,
			1.05,
			0.92999999999999994,
			1.1100000000000001,
			1.1700000000000002,
			0.87,
			1.6500000000000001,
			0.68999999999999995,
			0.51000000000000001,
			0.14999999999999999,
			0.27000000000000002,
			0.56999999999999995,
			0.51000000000000001,
			0.14999999999999999,
			0.39000000000000001,
			0.32999999999999996,
			1.47,
			0.44999999999999996,
			0.14999999999999999,
			0.63,
			1.5900000000000001,
			0.27000000000000002,
			1.47,
			0.39000000000000001,
			1.05,
			0.44999999999999996,
			0.14999999999999999,
			1.71,
			0.63,
			0.80999999999999994,
			1.23,
			0.44999999999999996,
			0.68999999999999995
		],
		[
			2.3099999999999996,
			1.05,
			0.92999999999999994,
			0.0,
			0.56999999999999995,
			0.98999999999999988,
			0.39000000000000001,
			1.8300000000000001,
			0.27000000000000002,
			1.47,
			0.56999999999999995,
			0.63,
			1.6500000000000001,
			1.71,
			1.71,
			0.0,
			0.87,
			0.44999999999999996,
			0.20999999999999999,
			1.8899999999999999,
			2.3099999999999996,
			1.23,
			1.77,
			0.63,
			1.95,
			2.1899999999999999,
			1.47,
			1.6500000000000001,
			0.63,
			1.95,
			1.8300000000000001,
			1.77,
			0.92999999999999994,
			0.14999999999999999,
			0.74999999999999989,
			0.80999999999999994,
			1.77,
			2.1299999999999999,
			0.20999999999999999,
			0.39000000000000001,
			1.3500000000000001,
			0.74999999999999989,
			0.87,
			0.68999999999999995,
			0.63,
			0.92999999999999994,
			0.14999999999999999,
			2.3099999999999996,
			1.29,
			1.6500000000000001,
			1.8899999999999999,
			2.1899999999999999,
			1.29,
			1.77,
			2.0099999999999998,
			1.95,
			0.32999999999999996,
			1.3500000000000001,
			1.6500000000000001,
			2.25,
			0.20999999999999999,
			1.53,
			0.32999999999999996,
			1.4099999999999999,
			0.74999999999999989,
			1.3500000000000001,
			1.6500000000000001,
			0.0,
			1.1700000000000002,
			0.98999999999999988,
			0.56999999999999995,
			1.3500000000000001,
			1.1100000000000001
		],
		[
			1.53,
			0.27000000000000002,
			0.14999999999999999,
			0.87,
			0.39000000000000001,
			0.20999999999999999,
			0.56999999999999995,
			1.05,
			0.68999999999999995,
			0.68999999999999995,
			0.39000000000000001,
			0.32999999999999996,
			0.87,
			0.92999999999999994,
			0.92999999999999994,
			0.87,
			0.0,
			0.51000000000000001,
			0.74999999999999989,
			1.1100000000000001,
			1.53,
			0.44999999999999996,
			0.98999999999999988,
			0.32999999999999996,
			1.1700000000000002,
			1.4099999999999999,
			0.68999999999999995,
			0.87,
			0.32999999999999996,
			1.1700000000000002,
			1.05,
			0.98999999999999988,
			0.14999999999999999,
			0.80999999999999994,
			0.20999999999999999,
			0.14999999999999999,
			0.98999999999999988,
			1.3500000000000001,
			0.74999999999999989,
			0.56999999999999995,
			0.56999999999999995,
			0.20999999999999999,
			0.0,
			0.27000000000000002,
			0.32999999999999996,
			0.14999999999999999,
			0.80999999999999994,
			1.53,
			0.51000000000000001,
			0.87,
			1.1100000000000001,
			1.4099999999999999,
			0.51000000000000001,
			0.98999999999999988,
			1.23,
			1.1700000000000002,
			0.63,
			0.56999999999999995,
			0.87,
			1.47,
			0.74999999999999989,
			0.74999999999999989,
			0.63,
			0.63,
			0.20999999999999999,
			0.56999999999999995,
			0.87,
			0.87,
			0.39000000000000001,
			0.20999999999999999,
			0.39000000000000001,
			0.56999999999999995,
			0.32999999999999996
		],
		[
			1.95,
			0.68999999999999995,
			0.56999999999999995,
			0.44999999999999996,
			0.20999999999999999,
			0.63,
			0.14999999999999999,
			1.47,
			0.27000000000000002,
			1.1100000000000001,
			0.20999999999999999,
			0.27000000000000002,
			1.29,
			1.3500000000000001,
			1.3500000000000001,
			0.44999999999999996,
			0.51000000000000001,
			0.0,
			0.32999999999999996,
			1.53,
			1.95,
			0.87,
			1.4099999999999999,
			0.27000000000000002,
			1.5900000000000001,
			1.8300000000000001,
			1.1100000000000001,
			1.29,
			0.27000000000000002,
			1.5900000000000001,
			1.47,
			1.4099999999999999,
			0.56999999999999995,
			0.39000000000000001,
			0.39000000000000001,
			0.44999999999999996,
			1.4099999999999999,
			1.77,
			0.32999999999999996,
			0.14999999999999999,
			0.98999999999999988,
			0.39000000000000001,
			0.51000000000000001,
			0.32999999999999996,
			0.27000000000000002,
			0.56999999999999995,
			0.39000000000000001,
			1.95,
			0.92999999999999994,
			1.29,
			1.53,
			1.8300000000000001,
			0.92999999999999994,
			1.4099999999999999,
			1.6500000000000001,
			1.5900000000000001,
			0.20999999999999999,
