{
	"instance_setting" : 
	{
		"average_number_of_tasks_executed_by_yc_per_hour" : 18,
		"external_task_ratio" : 0.29999999999999999,
		"instance_id" : 44,
		"number_of_external_tasks" : 22,
		"number_of_internal_tasks" : 50,
		"number_of_tasks" : 72,
		"planning_window_length_in_hours" : 4.0
	},
	"offline_optimal" : 1714.2000000000082,
	"offline_solution_computation_time_in_seconds" : 2.1627836,
	"offline_solution_task_sequence" : 
	[
		0,
		1,
		3,
		2,
		6,
		7,
		9,
		11,
		10,
		5,
		8,
		13,
		14,
		12,
		16,
		15,
		18,
		4,
		19,
		17,
		21,
		22,
		20,
		55,
		53,
		57,
		23,
		51,
		24,
		25,
		54,
		26,
		27,
		28,
		29,
		32,
		30,
		61,
		56,
		58,
		59,
		31,
		63,
		60,
		33,
		34,
		52,
		62,
		65,
		66,
		36,
		37,
		67,
		39,
		38,
		64,
		35,
		40,
		42,
		41,
		44,
		43,
		45,
		46,
		70,
		47,
		48,
		68,
		69,
		71,
		72,
		49,
		50
	],
	"tasks" : 
	[
		{
			"due_date" : 0.0,
			"id" : 0,
			"is_internal" : true,
			"processing_time" : 0.0,
			"release_time" : 0.0,
			"tardiness_weight" : 0.0
		},
		{
			"due_date" : 2.2599999999999998,
			"id" : 1,
			"is_internal" : true,
			"processing_time" : 3.5099999999999998,
			"release_time" : 0.0,
			"tardiness_weight" : 4.0
		},
		{
			"due_date" : 2.9900000000000002,
			"id" : 2,
			"is_internal" : true,
			"processing_time" : 3.0499999999999998,
			"release_time" : 0.0,
			"tardiness_weight" : 4.0
		},
		{
			"due_date" : 5.6100000000000003,
			"id" : 3,
			"is_internal" : true,
			"processing_time" : 3.98,
			"release_time" : 1.0900000000000001,
			"tardiness_weight" : 4.0
		},
		{
			"due_date" : 12.19,
			"id" : 4,
			"is_internal" : true,
			"processing_time" : 2.6200000000000001,
			"release_time" : 7.5700000000000003,
			"tardiness_weight" : 3.0
		},
		{
			"due_date" : 13.609999999999999,
			"id" : 5,
			"is_internal" : true,
			"processing_time" : 3.4399999999999999,
			"release_time" : 8.5800000000000001,
			"tardiness_weight" : 4.0
		},
		{
			"due_date" : 13.880000000000001,
			"id" : 6,
			"is_internal" : true,
			"processing_time" : 3.7999999999999998,
			"release_time" : 8.9600000000000009,
			"tardiness_weight" : 3.0
		},
		{
			"due_date" : 21.300000000000001,
			"id" : 7,
			"is_internal" : true,
			"processing_time" : 2.8999999999999999,
			"release_time" : 17.010000000000002,
			"tardiness_weight" : 4.0
		},
		{
			"due_date" : 22.530000000000001,
			"id" : 8,
			"is_internal" : true,
			"processing_time" : 3.8599999999999999,
			"release_time" : 17.75,
			"tardiness_weight" : 3.0
		},
		{
			"due_date" : 22.640000000000001,
			"id" : 9,
			"is_internal" : true,
			"processing_time" : 3.9900000000000002,
			"release_time" : 16.77,
			"tardiness_weight" : 3.0
		},
		{
			"due_date" : 24.02,
			"id" : 10,
			"is_internal" : true,
			"processing_time" : 2.1600000000000001,
			"release_time" : 21.559999999999999,
			"tardiness_weight" : 3.0
		},
		{
			"due_date" : 26.170000000000002,
			"id" : 11,
			"is_internal" : true,
			"processing_time" : 3.6400000000000001,
			"release_time" : 20.670000000000002,
			"tardiness_weight" : 4.0
		},
		{
			"due_date" : 36.920000000000002,
			"id" : 12,
			"is_internal" : true,
			"processing_time" : 3.8999999999999999,
			"release_time" : 31.309999999999999,
			"tardiness_weight" : 3.0
		},
		{
			"due_date" : 40.880000000000003,
			"id" : 13,
			"is_internal" : true,
			"processing_time" : 3.1200000000000001,
			"release_time" : 36.840000000000003,
			"tardiness_weight" : 4.0
		},
		{
			"due_date" : 43.880000000000003,
			"id" : 14,
			"is_internal" : true,
			"processing_time" : 3.0499999999999998,
			"release_time" : 39.140000000000001,
			"tardiness_weight" : 3.0
		},
		{
			"due_date" : 49.68,
			"id" : 15,
			"is_internal" : true,
			"processing_time" : 3.9900000000000002,
			"release_time" : 45.579999999999998,
			"tardiness_weight" : 4.0
		},
		{
			"due_date" : 49.770000000000003,
			"id" : 16,
			"is_internal" : true,
			"processing_time" : 3.21,
			"release_time" : 46.020000000000003,
			"tardiness_weight" : 4.0
		},
		{
			"due_date" : 50.969999999999999,
			"id" : 17,
			"is_internal" : true,
			"processing_time" : 3.79,
			"release_time" : 45.359999999999999,
			"tardiness_weight" : 3.0
		},
		{
			"due_date" : 57.109999999999999,
			"id" : 18,
			"is_internal" : true,
			"processing_time" : 2.2000000000000002,
			"release_time" : 51.920000000000002,
			"tardiness_weight" : 4.0
		},
		{
			"due_date" : 59.170000000000002,
			"id" : 19,
			"is_internal" : true,
			"processing_time" : 3.79,
			"release_time" : 53.619999999999997,
			"tardiness_weight" : 4.0
		},
		{
			"due_date" : 63.740000000000002,
			"id" : 20,
			"is_internal" : true,
			"processing_time" : 2.6000000000000001,
			"release_time" : 58.170000000000002,
			"tardiness_weight" : 4.0
		},
		{
			"due_date" : 72.519999999999996,
			"id" : 21,
			"is_internal" : true,
			"processing_time" : 3.3199999999999998,
			"release_time" : 68.75,
			"tardiness_weight" : 4.0
		},
		{
			"due_date" : 76.640000000000001,
			"id" : 22,
			"is_internal" : true,
			"processing_time" : 4.0,
			"release_time" : 70.659999999999997,
			"tardiness_weight" : 4.0
		},
		{
			"due_date" : 93.819999999999993,
			"id" : 23,
			"is_internal" : true,
			"processing_time" : 2.7999999999999998,
			"release_time" : 89.849999999999994,
			"tardiness_weight" : 3.0
		},
		{
			"due_date" : 97.790000000000006,
			"id" : 24,
			"is_internal" : true,
			"processing_time" : 2.6499999999999999,
			"release_time" : 94.909999999999997,
			"tardiness_weight" : 4.0
		},
		{
			"due_date" : 101.84,
			"id" : 25,
			"is_internal" : true,
			"processing_time" : 3.48,
			"release_time" : 96.709999999999994,
			"tardiness_weight" : 3.0
		},
		{
			"due_date" : 108.93000000000001,
			"id" : 26,
			"is_internal" : true,
			"processing_time" : 2.9399999999999999,
			"release_time" : 104.94,
			"tardiness_weight" : 3.0
		},
		{
			"due_date" : 109.87,
			"id" : 27,
			"is_internal" : true,
			"processing_time" : 2.73,
			"release_time" : 106.55,
			"tardiness_weight" : 4.0
		},
		{
			"due_date" : 115.03,
			"id" : 28,
			"is_internal" : true,
			"processing_time" : 2.8700000000000001,
			"release_time" : 109.54000000000001,
			"tardiness_weight" : 4.0
		},
		{
			"due_date" : 118.81,
			"id" : 29,
			"is_internal" : true,
			"processing_time" : 2.04,
			"release_time" : 115.05,
			"tardiness_weight" : 4.0
		},
		{
			"due_date" : 121.73999999999999,
			"id" : 30,
			"is_internal" : true,
			"processing_time" : 2.7400000000000002,
			"release_time" : 116.89,
			"tardiness_weight" : 3.0
		},
		{
			"due_date" : 122.13,
			"id" : 31,
			"is_internal" : true,
			"processing_time" : 3.0800000000000001,
			"release_time" : 116.63,
			"tardiness_weight" : 3.0
		},
		{
			"due_date" : 122.40000000000001,
			"id" : 32,
			"is_internal" : true,
			"processing_time" : 2.9199999999999999,
			"release_time" : 118.92,
			"tardiness_weight" : 4.0
		},
		{
			"due_date" : 140.25,
			"id" : 33,
			"is_internal" : true,
			"processing_time" : 2.71,
			"release_time" : 134.81,
			"tardiness_weight" : 3.0
		},
		{
			"due_date" : 140.68000000000001,
			"id" : 34,
			"is_internal" : true,
			"processing_time" : 3.4100000000000001,
			"release_time" : 137.16999999999999,
			"tardiness_weight" : 3.0
		},
		{
			"due_date" : 159.47999999999999,
			"id" : 35,
			"is_internal" : true,
			"processing_time" : 3.8100000000000001,
			"release_time" : 153.97,
			"tardiness_weight" : 3.0
		},
		{
			"due_date" : 161.74000000000001,
			"id" : 36,
			"is_internal" : true,
			"processing_time" : 3.4300000000000002,
			"release_time" : 157.77000000000001,
			"tardiness_weight" : 3.0
		},
		{
			"due_date" : 163.71000000000001,
			"id" : 37,
			"is_internal" : true,
			"processing_time" : 2.0800000000000001,
			"release_time" : 160.22,
			"tardiness_weight" : 3.0
		},
		{
			"due_date" : 168.25,
			"id" : 38,
			"is_internal" : true,
			"processing_time" : 3.5899999999999999,
			"release_time" : 164.55000000000001,
			"tardiness_weight" : 4.0
		},
		{
			"due_date" : 170.61000000000001,
			"id" : 39,
			"is_internal" : true,
			"processing_time" : 3.21,
			"release_time" : 165.16,
			"tardiness_weight" : 4.0
		},
		{
			"due_date" : 187.63999999999999,
			"id" : 40,
			"is_internal" : true,
			"processing_time" : 3.8500000000000001,
			"release_time" : 182.75,
			"tardiness_weight" : 4.0
		},
		{
			"due_date" : 189.94,
			"id" : 41,
			"is_internal" : true,
			"processing_time" : 3.6099999999999999,
			"release_time" : 184.63,
			"tardiness_weight" : 4.0
		},
		{
			"due_date" : 192.56999999999999,
			"id" : 42,
			"is_internal" : true,
			"processing_time" : 2.3799999999999999,
			"release_time" : 187.18000000000001,
			"tardiness_weight" : 4.0
		},
		{
			"due_date" : 197.37,
			"id" : 43,
			"is_internal" : true,
			"processing_time" : 2.77,
			"release_time" : 193.72,
			"tardiness_weight" : 4.0
		},
		{
			"due_date" : 198.00999999999999,
			"id" : 44,
			"is_internal" : true,
			"processing_time" : 2.0800000000000001,
			"release_time" : 193.55000000000001,
			"tardiness_weight" : 3.0
		},
		{
			"due_date" : 201.91999999999999,
			"id" : 45,
			"is_internal" : true,
			"processing_time" : 2.0800000000000001,
			"release_time" : 197.09999999999999,
			"tardiness_weight" : 3.0
		},
		{
			"due_date" : 206.88999999999999,
			"id" : 46,
			"is_internal" : true,
			"processing_time" : 2.8399999999999999,
			"release_time" : 202.31,
			"tardiness_weight" : 4.0
		},
		{
			"due_date" : 211.69999999999999,
			"id" : 47,
			"is_internal" : true,
			"processing_time" : 2.8999999999999999,
			"release_time" : 206.08000000000001,
			"tardiness_weight" : 4.0
		},
		{
			"due_date" : 217.68000000000001,
			"id" : 48,
			"is_internal" : true,
			"processing_time" : 3.02,
			"release_time" : 214.47,
			"tardiness_weight" : 4.0
		},
		{
			"due_date" : 229.90000000000001,
			"id" : 49,
			"is_internal" : true,
			"processing_time" : 2.73,
			"release_time" : 224.09,
			"tardiness_weight" : 3.0
		},
		{
			"due_date" : 231.68000000000001,
			"id" : 50,
			"is_internal" : true,
			"processing_time" : 2.9399999999999999,
			"release_time" : 228.0,
			"tardiness_weight" : 3.0
		},
		{
			"due_date" : 17.02,
			"id" : 51,
			"is_internal" : false,
			"processing_time" : 2.0,
			"release_time" : 15.02,
			"tardiness_weight" : 1.0
		},
		{
			"due_date" : 29.84,
			"id" : 52,
			"is_internal" : false,
			"processing_time" : 2.0,
			"release_time" : 27.84,
			"tardiness_weight" : 1.0
		},
		{
			"due_date" : 30.280000000000001,
			"id" : 53,
			"is_internal" : false,
			"processing_time" : 2.0,
			"release_time" : 28.280000000000001,
			"tardiness_weight" : 1.0
		},
		{
			"due_date" : 34.119999999999997,
			"id" : 54,
			"is_internal" : false,
			"processing_time" : 2.0,
			"release_time" : 32.119999999999997,
			"tardiness_weight" : 1.0
		},
		{
			"due_date" : 75.439999999999998,
			"id" : 55,
			"is_internal" : false,
			"processing_time" : 2.0,
			"release_time" : 73.439999999999998,
			"tardiness_weight" : 1.0
		},
		{
			"due_date" : 76.340000000000003,
			"id" : 56,
			"is_internal" : false,
			"processing_time" : 2.0,
			"release_time" : 74.340000000000003,
			"tardiness_weight" : 1.0
		},
		{
			"due_date" : 85.459999999999994,
			"id" : 57,
			"is_internal" : false,
			"processing_time" : 2.0,
			"release_time" : 83.459999999999994,
			"tardiness_weight" : 1.0
		},
		{
			"due_date" : 89.950000000000003,
			"id" : 58,
			"is_internal" : false,
			"processing_time" : 2.0,
			"release_time" : 87.950000000000003,
			"tardiness_weight" : 1.0
		},
		{
			"due_date" : 104.77,
			"id" : 59,
			"is_internal" : false,
			"processing_time" : 2.0,
			"release_time" : 102.77,
			"tardiness_weight" : 1.0
		},
		{
			"due_date" : 111.78,
			"id" : 60,
			"is_internal" : false,
			"processing_time" : 2.0,
			"release_time" : 109.78,
			"tardiness_weight" : 1.0
		},
		{
			"due_date" : 112.16,
			"id" : 61,
			"is_internal" : false,
			"processing_time" : 2.0,
			"release_time" : 110.16,
			"tardiness_weight" : 1.0
		},
		{
			"due_date" : 119.68000000000001,
			"id" : 62,
			"is_internal" : false,
			"processing_time" : 2.0,
			"release_time" : 117.68000000000001,
			"tardiness_weight" : 1.0
		},
		{
			"due_date" : 136.94999999999999,
			"id" : 63,
			"is_internal" : false,
			"processing_time" : 2.0,
			"release_time" : 134.94999999999999,
			"tardiness_weight" : 1.0
		},
		{
			"due_date" : 146.5,
			"id" : 64,
			"is_internal" : false,
			"processing_time" : 2.0,
			"release_time" : 144.5,
			"tardiness_weight" : 1.0
		},
		{
			"due_date" : 151.96000000000001,
			"id" : 65,
			"is_internal" : false,
			"processing_time" : 2.0,
			"release_time" : 149.96000000000001,
			"tardiness_weight" : 1.0
		},
		{
			"due_date" : 157.09,
			"id" : 66,
			"is_internal" : false,
			"processing_time" : 2.0,
			"release_time" : 155.09,
			"tardiness_weight" : 1.0
		},
		{
			"due_date" : 159.18000000000001,
			"id" : 67,
			"is_internal" : false,
			"processing_time" : 2.0,
			"release_time" : 157.18000000000001,
			"tardiness_weight" : 1.0
		},
		{
			"due_date" : 190.78999999999999,
			"id" : 68,
			"is_internal" : false,
			"processing_time" : 2.0,
			"release_time" : 188.78999999999999,
			"tardiness_weight" : 1.0
		},
		{
			"due_date" : 198.46000000000001,
			"id" : 69,
			"is_internal" : false,
			"processing_time" : 2.0,
			"release_time" : 196.46000000000001,
			"tardiness_weight" : 1.0
		},
		{
			"due_date" : 208.56,
			"id" : 70,
			"is_internal" : false,
			"processing_time" : 2.0,
			"release_time" : 206.56,
			"tardiness_weight" : 1.0
		},
		{
			"due_date" : 211.46000000000001,
			"id" : 71,
			"is_internal" : false,
			"processing_time" : 2.0,
			"release_time" : 209.46000000000001,
			"tardiness_weight" : 1.0
		},
		{
			"due_date" : 222.68000000000001,
			"id" : 72,
			"is_internal" : false,
			"processing_time" : 2.0,
			"release_time" : 220.68000000000001,
			"tardiness_weight" : 1.0
		}
	],
	"time_adjacency_matrix" : 
	[
		[
			0.0,
			0.14999999999999999,
			2.3099999999999996,
			1.8300000000000001,
			0.63,
			1.3500000000000001,
			2.1899999999999999,
			2.1299999999999999,
			1.3500000000000001,
			1.71,
			1.47,
			1.8300000000000001,
			1.8300000000000001,
			1.29,
			1.5900000000000001,
			0.98999999999999988,
			2.0699999999999998,
			0.14999999999999999,
			0.63,
			0.63,
			1.6500000000000001,
			0.74999999999999989,
			0.68999999999999995,
			2.4299999999999997,
			1.05,
			0.56999999999999995,
			1.4099999999999999,
			1.6500000000000001,
			2.4299999999999997,
			2.0699999999999998,
			2.3699999999999997,
			0.98999999999999988,
			2.3099999999999996,
			0.51000000000000001,
			0.20999999999999999,
			1.8899999999999999,
			0.68999999999999995,
			0.68999999999999995,
			2.3099999999999996,
			2.3699999999999997,
			0.44999999999999996,
			2.4299999999999997,
			1.6500000000000001,
			2.1299999999999999,
			2.4299999999999997,
			1.47,
			2.1299999999999999,
			0.32999999999999996,
			0.0,
			2.3099999999999996,
			1.8300000000000001,
			2.4299999999999997,
			0.87,
			1.4099999999999999,
			0.39000000000000001,
			1.47,
			2.1899999999999999,
			1.3500000000000001,
			2.0099999999999998,
			2.0099999999999998,
			0.92999999999999994,
			2.3099999999999996,
			0.87,
			0.98999999999999988,
			2.3099999999999996,
			0.68999999999999995,
			0.44999999999999996,
			0.92999999999999994,
			0.39000000000000001,
			0.44999999999999996,
			2.0699999999999998,
			1.4099999999999999,
			1.5900000000000001
		],
		[
			0.14999999999999999,
			0.0,
			2.25,
			1.77,
			0.56999999999999995,
			1.29,
			2.1299999999999999,
			2.0699999999999998,
			1.29,
			1.6500000000000001,
			1.4099999999999999,
			1.77,
			1.77,
			1.23,
			1.53,
			0.92999999999999994,
			2.0099999999999998,
			0.0,
			0.56999999999999995,
			0.56999999999999995,
			1.5900000000000001,
			0.68999999999999995,
			0.63,
			2.3699999999999997,
			0.98999999999999988,
			0.51000000000000001,
			1.3500000000000001,
			1.5900000000000001,
			2.3699999999999997,
			2.0099999999999998,
			2.3099999999999996,
			0.92999999999999994,
			2.25,
			0.44999999999999996,
			0.14999999999999999,
			1.8300000000000001,
			0.63,
			0.63,
			2.25,
			2.3099999999999996,
			0.39000000000000001,
			2.3699999999999997,
			1.5900000000000001,
			2.0699999999999998,
			2.3699999999999997,
			1.4099999999999999,
			2.0699999999999998,
			0.27000000000000002,
			0.14999999999999999,
			2.25,
			1.77,
			2.3699999999999997,
			0.80999999999999994,
			1.3500000000000001,
			0.32999999999999996,
			1.4099999999999999,
			2.1299999999999999,
			1.29,
			1.95,
			1.95,
			0.87,
			2.25,
			0.80999999999999994,
			0.92999999999999994,
			2.25,
			0.63,
			0.39000000000000001,
			0.87,
			0.32999999999999996,
			0.39000000000000001,
			2.0099999999999998,
			1.3500000000000001,
			1.53
		],
		[
			2.3099999999999996,
			2.25,
			0.0,
			0.56999999999999995,
			1.77,
			1.05,
			0.20999999999999999,
			0.27000000000000002,
			1.05,
			0.68999999999999995,
			0.92999999999999994,
			0.56999999999999995,
			0.56999999999999995,
			1.1100000000000001,
			0.80999999999999994,
			1.4099999999999999,
			0.32999999999999996,
			2.25,
			1.77,
			1.77,
			0.74999999999999989,
			1.6500000000000001,
			1.71,
			0.20999999999999999,
			1.3500000000000001,
			1.8300000000000001,
			0.98999999999999988,
			0.74999999999999989,
			0.20999999999999999,
			0.32999999999999996,
			0.14999999999999999,
			1.4099999999999999,
			0.0,
			1.8899999999999999,
			2.1899999999999999,
			0.51000000000000001,
			1.71,
			1.71,
			0.0,
			0.14999999999999999,
			1.95,
			0.20999999999999999,
			0.74999999999999989,
			0.27000000000000002,
			0.20999999999999999,
			0.92999999999999994,
			0.27000000000000002,
			2.0699999999999998,
			2.3099999999999996,
			0.0,
			0.56999999999999995,
			0.20999999999999999,
			1.53,
			0.98999999999999988,
			2.0099999999999998,
			0.92999999999999994,
			0.20999999999999999,
			1.05,
			0.39000000000000001,
			0.39000000000000001,
			1.47,
			0.0,
			1.53,
			1.4099999999999999,
			0.0,
			1.71,
			1.95,
			1.47,
			2.0099999999999998,
			1.95,
			0.32999999999999996,
			0.98999999999999988,
			0.80999999999999994
		],
		[
			1.8300000000000001,
			1.77,
			0.56999999999999995,
			0.0,
			1.29,
			0.56999999999999995,
			0.44999999999999996,
			0.39000000000000001,
			0.56999999999999995,
			0.20999999999999999,
			0.44999999999999996,
			0.0,
			0.0,
			0.63,
			0.32999999999999996,
			0.92999999999999994,
			0.32999999999999996,
			1.77,
			1.29,
			1.29,
			0.27000000000000002,
			1.1700000000000002,
			1.23,
			0.68999999999999995,
			0.87,
			1.3500000000000001,
			0.51000000000000001,
			0.27000000000000002,
			0.68999999999999995,
			0.32999999999999996,
			0.63,
			0.92999999999999994,
			0.56999999999999995,
			1.4099999999999999,
			1.71,
			0.14999999999999999,
			1.23,
			1.23,
			0.56999999999999995,
			0.63,
			1.47,
			0.68999999999999995,
			0.27000000000000002,
			0.39000000000000001,
			0.68999999999999995,
			0.44999999999999996,
			0.39000000000000001,
			1.5900000000000001,
			1.8300000000000001,
			0.56999999999999995,
			0.0,
			0.68999999999999995,
			1.05,
			0.51000000000000001,
			1.53,
			0.44999999999999996,
			0.44999999999999996,
			0.56999999999999995,
			0.27000000000000002,
			0.27000000000000002,
			0.98999999999999988,
			0.56999999999999995,
			1.05,
			0.92999999999999994,
			0.56999999999999995,
			1.23,
			1.47,
			0.98999999999999988,
			1.53,
			1.47,
			0.32999999999999996,
			0.51000000000000001,
			0.32999999999999996
		],
		[
			0.63,
			0.56999999999999995,
			1.77,
			1.29,
			0.0,
			0.80999999999999994,
			1.6500000000000001,
			1.5900000000000001,
			0.80999999999999994,
			1.1700000000000002,
			0.92999999999999994,
			1.29,
			1.29,
			0.74999999999999989,
			1.05,
			0.44999999999999996,
			1.53,
			0.56999999999999995,
			0.0,
			0.0,
			1.1100000000000001,
			0.20999999999999999,
			0.14999999999999999,
			1.8899999999999999,
			0.51000000000000001,
			0.14999999999999999,
			0.87,
			1.1100000000000001,
			1.8899999999999999,
			1.53,
			1.8300000000000001,
			0.44999999999999996,
			1.77,
			0.20999999999999999,
			0.51000000000000001,
			1.3500000000000001,
			0.14999999999999999,
			0.14999999999999999,
			1.77,
			1.8300000000000001,
			0.27000000000000002,
			1.8899999999999999,
			1.1100000000000001,
			1.5900000000000001,
			1.8899999999999999,
			0.92999999999999994,
			1.5900000000000001,
			0.39000000000000001,
			0.63,
			1.77,
			1.29,
			1.8899999999999999,
			0.32999999999999996,
			0.87,
			0.32999999999999996,
			0.92999999999999994,
			1.6500000000000001,
			0.80999999999999994,
			1.47,
			1.47,
			0.39000000000000001,
			1.77,
			0.32999999999999996,
			0.44999999999999996,
			1.77,
			0.14999999999999999,
			0.27000000000000002,
			0.39000000000000001,
			0.32999999999999996,
			0.27000000000000002,
			1.53,
			0.87,
			1.05
		],
		[
			1.3500000000000001,
			1.29,
			1.05,
			0.56999999999999995,
			0.80999999999999994,
			0.0,
			0.92999999999999994,
			0.87,
			0.0,
			0.44999999999999996,
			0.20999999999999999,
			0.56999999999999995,
			0.56999999999999995,
			0.14999999999999999,
			0.32999999999999996,
			0.44999999999999996,
			0.80999999999999994,
			1.29,
			0.80999999999999994,
			0.80999999999999994,
			0.39000000000000001,
			0.68999999999999995,
			0.74999999999999989,
			1.1700000000000002,
			0.39000000000000001,
			0.87,
			0.14999999999999999,
			0.39000000000000001,
			1.1700000000000002,
			0.80999999999999994,
			1.1100000000000001,
			0.44999999999999996,
			1.05,
			0.92999999999999994,
			1.23,
			0.63,
			0.74999999999999989,
			0.74999999999999989,
			1.05,
			1.1100000000000001,
			0.98999999999999988,
			1.1700000000000002,
			0.39000000000000001,
			0.87,
			1.1700000000000002,
			0.20999999999999999,
			0.87,
			1.1100000000000001,
			1.3500000000000001,
			1.05,
			0.56999999999999995,
			1.1700000000000002,
			0.56999999999999995,
			0.14999999999999999,
			1.05,
			0.20999999999999999,
			0.92999999999999994,
			0.0,
			0.74999999999999989,
			0.74999999999999989,
			0.51000000000000001,
			1.05,
			0.56999999999999995,
			0.44999999999999996,
			1.05,
			0.74999999999999989,
			0.98999999999999988,
			0.51000000000000001,
			1.05,
			0.98999999999999988,
			0.80999999999999994,
			0.14999999999999999,
			0.32999999999999996
		],
		[
			2.1899999999999999,
			2.1299999999999999,
			0.20999999999999999,
			0.44999999999999996,
			1.6500000000000001,
			0.92999999999999994,
			0.0,
			0.14999999999999999,
			0.92999999999999994,
			0.56999999999999995,
			0.80999999999999994,
			0.44999999999999996,
			0.44999999999999996,
			0.98999999999999988,
			0.68999999999999995,
			1.29,
			0.20999999999999999,
			2.1299999999999999,
			1.6500000000000001,
			1.6500000000000001,
			0.63,
			1.53,
			1.5900000000000001,
			0.32999999999999996,
			1.23,
			1.71,
			0.87,
			0.63,
			0.32999999999999996,
			0.20999999999999999,
			0.27000000000000002,
			1.29,
			0.20999999999999999,
			1.77,
			2.0699999999999998,
			0.39000000000000001,
			1.5900000000000001,
			1.5900000000000001,
			0.20999999999999999,
			0.27000000000000002,
			1.8300000000000001,
			0.32999999999999996,
			0.63,
			0.14999999999999999,
			0.32999999999999996,
			0.80999999999999994,
			0.14999999999999999,
			1.95,
			2.1899999999999999,
			0.20999999999999999,
			0.44999999999999996,
			0.32999999999999996,
			1.4099999999999999,
			0.87,
			1.8899999999999999,
			0.80999999999999994,
			0.0,
			0.92999999999999994,
			0.27000000000000002,
			0.27000000000000002,
			1.3500000000000001,
			0.20999999999999999,
			1.4099999999999999,
			1.29,
			0.20999999999999999,
			1.5900000000000001,
			1.8300000000000001,
			1.3500000000000001,
			1.8899999999999999,
			1.8300000000000001,
			0.20999999999999999,
			0.87,
			0.68999999999999995
		],
		[
			2.1299999999999999,
			2.0699999999999998,
			0.27000000000000002,
			0.39000000000000001,
			1.5900000000000001,
			0.87,
			0.14999999999999999,
			0.0,
			0.87,
			0.51000000000000001,
			0.74999999999999989,
			0.39000000000000001,
			0.39000000000000001,
			0.92999999999999994,
			0.63,
			1.23,
			0.14999999999999999,
			2.0699999999999998,
			1.5900000000000001,
			1.5900000000000001,
			0.56999999999999995,
			1.47,
			1.53,
			0.39000000000000001,
			1.1700000000000002,
			1.6500000000000001,
			0.80999999999999994,
			0.56999999999999995,
			0.39000000000000001,
			0.14999999999999999,
			0.32999999999999996,
			1.23,
			0.27000000000000002,
			1.71,
			2.0099999999999998,
			0.32999999999999996,
			1.53,
			1.53,
			0.27000000000000002,
			0.32999999999999996,
			1.77,
			0.39000000000000001,
			0.56999999999999995,
			0.0,
			0.39000000000000001,
			0.74999999999999989,
			0.0,
			1.8899999999999999,
			2.1299999999999999,
			0.27000000000000002,
			0.39000000000000001,
			0.39000000000000001,
			1.3500000000000001,
			0.80999999999999994,
			1.8300000000000001,
			0.74999999999999989,
			0.14999999999999999,
			0.87,
			0.20999999999999999,
			0.20999999999999999,
			1.29,
			0.27000000000000002,
			1.3500000000000001,
			1.23,
			0.27000000000000002,
			1.53,
			1.77,
			1.29,
			1.8300000000000001,
			1.77,
			0.14999999999999999,
			0.80999999999999994,
			0.63
		],
		[
			1.3500000000000001,
			1.29,
			1.05,
			0.56999999999999995,
			0.80999999999999994,
			0.0,
			0.92999999999999994,
			0.87,
			0.0,
			0.44999999999999996,
			0.20999999999999999,
			0.56999999999999995,
			0.56999999999999995,
			0.14999999999999999,
			0.32999999999999996,
			0.44999999999999996,
			0.80999999999999994,
			1.29,
			0.80999999999999994,
			0.80999999999999994,
			0.39000000000000001,
			0.68999999999999995,
			0.74999999999999989,
			1.1700000000000002,
			0.39000000000000001,
			0.87,
			0.14999999999999999,
			0.39000000000000001,
			1.1700000000000002,
			0.80999999999999994,
			1.1100000000000001,
			0.44999999999999996,
			1.05,
			0.92999999999999994,
			1.23,
			0.63,
			0.74999999999999989,
			0.74999999999999989,
			1.05,
			1.1100000000000001,
			0.98999999999999988,
			1.1700000000000002,
			0.39000000000000001,
			0.87,
			1.1700000000000002,
			0.20999999999999999,
			0.87,
			1.1100000000000001,
			1.3500000000000001,
			1.05,
			0.56999999999999995,
			1.1700000000000002,
			0.56999999999999995,
			0.14999999999999999,
			1.05,
			0.20999999999999999,
			0.92999999999999994,
			0.0,
			0.74999999999999989,
			0.74999999999999989,
			0.51000000000000001,
			1.05,
			0.56999999999999995,
			0.44999999999999996,
			1.05,
			0.74999999999999989,
			0.98999999999999988,
			0.51000000000000001,
			1.05,
			0.98999999999999988,
			0.80999999999999994,
			0.14999999999999999,
			0.32999999999999996
		],
		[
			1.71,
			1.6500000000000001,
			0.68999999999999995,
			0.20999999999999999,
			1.1700000000000002,
			0.44999999999999996,
			0.56999999999999995,
			0.51000000000000001,
			0.44999999999999996,
			0.0,
			0.32999999999999996,
			0.20999999999999999,
			0.20999999999999999,
			0.51000000000000001,
			0.20999999999999999,
			0.80999999999999994,
			0.44999999999999996,
			1.6500000000000001,
			1.1700000000000002,
			1.1700000000000002,
			0.14999999999999999,
			1.05,
			1.1100000000000001,
			0.80999999999999994,
			0.74999999999999989,
			1.23,
			0.39000000000000001,
			0.14999999999999999,
			0.80999999999999994,
			0.44999999999999996,
			0.74999999999999989,
			0.80999999999999994,
			0.68999999999999995,
			1.29,
			1.5900000000000001,
			0.27000000000000002,
			1.1100000000000001,
			1.1100000000000001,
			0.68999999999999995,
			0.74999999999999989,
			1.3500000000000001,
			0.80999999999999994,
			0.14999999999999999,
			0.51000000000000001,
			0.80999999999999994,
			0.32999999999999996,
			0.51000000000000001,
			1.47,
			1.71,
			0.68999999999999995,
			0.20999999999999999,
			0.80999999999999994,
			0.92999999999999994,
			0.39000000000000001,
			1.4099999999999999,
			0.32999999999999996,
			0.56999999999999995,
			0.44999999999999996,
			0.39000000000000001,
			0.39000000000000001,
			0.87,
			0.68999999999999995,
			0.92999999999999994,
			0.80999999999999994,
			0.68999999999999995,
			1.1100000000000001,
			1.3500000000000001,
			0.87,
			1.4099999999999999,
			1.3500000000000001,
			0.44999999999999996,
			0.39000000000000001,
			0.20999999999999999
		],
		[
			1.47,
			1.4099999999999999,
			0.92999999999999994,
			0.44999999999999996,
			0.92999999999999994,
			0.20999999999999999,
			0.80999999999999994,
			0.74999999999999989,
			0.20999999999999999,
			0.32999999999999996,
			0.0,
			0.44999999999999996,
			0.44999999999999996,
			0.27000000000000002,
			0.20999999999999999,
			0.56999999999999995,
			0.68999999999999995,
			1.4099999999999999,
			0.92999999999999994,
			0.92999999999999994,
			0.27000000000000002,
			0.80999999999999994,
			0.87,
			1.05,
			0.51000000000000001,
			0.98999999999999988,
			0.14999999999999999,
			0.27000000000000002,
			1.05,
			0.68999999999999995,
			0.98999999999999988,
			0.56999999999999995,
			0.92999999999999994,
			1.05,
			1.3500000000000001,
			0.51000000000000001,
			0.87,
			0.87,
			0.92999999999999994,
			0.98999999999999988,
			1.1100000000000001,
			1.05,
			0.27000000000000002,
			0.74999999999999989,
			1.05,
			0.0,
			0.74999999999999989,
			1.23,
			1.47,
			0.92999999999999994,
			0.44999999999999996,
			1.05,
			0.68999999999999995,
			0.14999999999999999,
			1.1700000000000002,
			0.0,
			0.80999999999999994,
			0.20999999999999999,
			0.63,
			0.63,
			0.63,
			0.92999999999999994,
			0.68999999999999995,
			0.56999999999999995,
			0.92999999999999994,
			0.87,
			1.1100000000000001,
			0.63,
			1.1700000000000002,
			1.1100000000000001,
			0.68999999999999995,
			0.14999999999999999,
			0.20999999999999999
		],
		[
			1.8300000000000001,
			1.77,
			0.56999999999999995,
			0.0,
			1.29,
			0.56999999999999995,
			0.44999999999999996,
			0.39000000000000001,
			0.56999999999999995,
			0.20999999999999999,
			0.44999999999999996,
			0.0,
			0.0,
			0.63,
			0.32999999999999996,
			0.92999999999999994,
			0.32999999999999996,
			1.77,
			1.29,
			1.29,
			0.27000000000000002,
			1.1700000000000002,
			1.23,
			0.68999999999999995,
			0.87,
			1.3500000000000001,
			0.51000000000000001,
			0.27000000000000002,
			0.68999999999999995,
			0.32999999999999996,
			0.63,
			0.92999999999999994,
			0.56999999999999995,
			1.4099999999999999,
			1.71,
			0.14999999999999999,
			1.23,
			1.23,
			0.56999999999999995,
			0.63,
			1.47,
			0.68999999999999995,
			0.27000000000000002,
			0.39000000000000001,
			0.68999999999999995,
			0.44999999999999996,
			0.39000000000000001,
			1.5900000000000001,
			1.8300000000000001,
			0.56999999999999995,
			0.0,
			0.68999999999999995,
			1.05,
			0.51000000000000001,
			1.53,
			0.44999999999999996,
			0.44999999999999996,
			0.56999999999999995,
			0.27000000000000002,
			0.27000000000000002,
			0.98999999999999988,
			0.56999999999999995,
			1.05,
			0.92999999999999994,
			0.56999999999999995,
			1.23,
			1.47,
			0.98999999999999988,
			1.53,
			1.47,
			0.32999999999999996,
			0.51000000000000001,
			0.32999999999999996
		],
		[
			1.8300000000000001,
			1.77,
			0.56999999999999995,
			0.0,
			1.29,
			0.56999999999999995,
			0.44999999999999996,
			0.39000000000000001,
			0.56999999999999995,
			0.20999999999999999,
			0.44999999999999996,
			0.0,
			0.0,
			0.63,
			0.32999999999999996,
			0.92999999999999994,
			0.32999999999999996,
			1.77,
			1.29,
			1.29,
			0.27000000000000002,
			1.1700000000000002,
			1.23,
			0.68999999999999995,
			0.87,
			1.3500000000000001,
			0.51000000000000001,
			0.27000000000000002,
			0.68999999999999995,
			0.32999999999999996,
			0.63,
			0.92999999999999994,
			0.56999999999999995,
			1.4099999999999999,
			1.71,
			0.14999999999999999,
			1.23,
			1.23,
			0.56999999999999995,
			0.63,
			1.47,
			0.68999999999999995,
			0.27000000000000002,
			0.39000000000000001,
			0.68999999999999995,
			0.44999999999999996,
			0.39000000000000001,
			1.5900000000000001,
			1.8300000000000001,
			0.56999999999999995,
			0.0,
			0.68999999999999995,
			1.05,
			0.51000000000000001,
			1.53,
			0.44999999999999996,
			0.44999999999999996,
			0.56999999999999995,
			0.27000000000000002,
			0.27000000000000002,
			0.98999999999999988,
			0.56999999999999995,
			1.05,
			0.92999999999999994,
			0.56999999999999995,
			1.23,
			1.47,
			0.98999999999999988,
			1.53,
			1.47,
			0.32999999999999996,
			0.51000000000000001,
			0.32999999999999996
		],
		[
			1.29,
			1.23,
			1.1100000000000001,
			0.63,
			0.74999999999999989,
			0.14999999999999999,
			0.98999999999999988,
			0.92999999999999994,
			0.14999999999999999,
			0.51000000000000001,
			0.27000000000000002,
			0.63,
			0.63,
			0.0,
			0.39000000000000001,
			0.39000000000000001,
			0.87,
			1.23,
			0.74999999999999989,
			0.74999999999999989,
			0.44999999999999996,
			0.63,
			0.68999999999999995,
			1.23,
			0.32999999999999996,
			0.80999999999999994,
			0.20999999999999999,
			0.44999999999999996,
			1.23,
			0.87,
			1.1700000000000002,
			0.39000000000000001,
			1.1100000000000001,
			0.87,
			1.1700000000000002,
			0.68999999999999995,
			0.68999999999999995,
			0.68999999999999995,
			1.1100000000000001,
			1.1700000000000002,
			0.92999999999999994,
			1.23,
			0.44999999999999996,
			0.92999999999999994,
			1.23,
			0.27000000000000002,
			0.92999999999999994,
			1.05,
			1.29,
			1.1100000000000001,
			0.63,
			1.23,
			0.51000000000000001,
			0.20999999999999999,
			0.98999999999999988,
			0.27000000000000002,
			0.98999999999999988,
			0.14999999999999999,
			0.80999999999999994,
			0.80999999999999994,
			0.44999999999999996,
			1.1100000000000001,
			0.51000000000000001,
			0.39000000000000001,
			1.1100000000000001,
			0.68999999999999995,
			0.92999999999999994,
			0.44999999999999996,
			0.98999999999999988,
			0.92999999999999994,
			0.87,
			0.20999999999999999,
			0.39000000000000001
		],
		[
			1.5900000000000001,
			1.53,
			0.80999999999999994,
			0.32999999999999996,
			1.05,
			0.32999999999999996,
			0.68999999999999995,
			0.63,
			0.32999999999999996,
			0.20999999999999999,
			0.20999999999999999,
			0.32999999999999996,
			0.32999999999999996,
			0.39000000000000001,
			0.0,
			0.68999999999999995,
			0.56999999999999995,
			1.53,
			1.05,
			1.05,
			0.14999999999999999,
			0.92999999999999994,
			0.98999999999999988,
			0.92999999999999994,
			0.63,
			1.1100000000000001,
			0.27000000000000002,
			0.14999999999999999,
			0.92999999999999994,
			0.56999999999999995,
			0.87,
			0.68999999999999995,
			0.80999999999999994,
			1.1700000000000002,
			1.47,
			0.39000000000000001,
			0.98999999999999988,
			0.98999999999999988,
			0.80999999999999994,
			0.87,
			1.23,
			0.92999999999999994,
			0.14999999999999999,
			0.63,
			0.92999999999999994,
			0.20999999999999999,
			0.63,
			1.3500000000000001,
			1.5900000000000001,
			0.80999999999999994,
			0.32999999999999996,
			0.92999999999999994,
			0.80999999999999994,
			0.27000000000000002,
			1.29,
			0.20999999999999999,
			0.68999999999999995,
			0.32999999999999996,
			0.51000000000000001,
			0.51000000000000001,
			0.74999999999999989,
			0.80999999999999994,
			0.80999999999999994,
			0.68999999999999995,
			0.80999999999999994,
			0.98999999999999988,
			1.23,
			0.74999999999999989,
			1.29,
			1.23,
			0.56999999999999995,
			0.27000000000000002,
			0.0
		],
		[
			0.98999999999999988,
			0.92999999999999994,
			1.4099999999999999,
			0.92999999999999994,
			0.44999999999999996,
			0.44999999999999996,
			1.29,
			1.23,
			0.44999999999999996,
			0.80999999999999994,
			0.56999999999999995,
			0.92999999999999994,
			0.92999999999999994,
			0.39000000000000001,
			0.68999999999999995,
			0.0,
			1.1700000000000002,
			0.92999999999999994,
			0.44999999999999996,
			0.44999999999999996,
			0.74999999999999989,
			0.32999999999999996,
			0.39000000000000001,
			1.53,
			0.14999999999999999,
			0.51000000000000001,
			0.51000000000000001,
			0.74999999999999989,
			1.53,
			1.1700000000000002,
			1.47,
			0.0,
			1.4099999999999999,
			0.56999999999999995,
			0.87,
			0.98999999999999988,
			0.39000000000000001,
			0.39000000000000001,
			1.4099999999999999,
			1.47,
			0.63,
			1.53,
			0.74999999999999989,
			1.23,
			1.53,
			0.56999999999999995,
			1.23,
			0.74999999999999989,
			0.98999999999999988,
			1.4099999999999999,
			0.92999999999999994,
			1.53,
			0.20999999999999999,
			0.51000000000000001,
			0.68999999999999995,
			0.56999999999999995,
			1.29,
			0.44999999999999996,
			1.1100000000000001,
			1.1100000000000001,
			0.14999999999999999,
			1.4099999999999999,
			0.20999999999999999,
			0.0,
			1.4099999999999999,
			0.39000000000000001,
			0.63,
			0.14999999999999999,
			0.68999999999999995,
			0.63,
			1.1700000000000002,
			0.51000000000000001,
			0.68999999999999995
		],
		[
			2.0699999999999998,
			2.0099999999999998,
			0.32999999999999996,
			0.32999999999999996,
			1.53,
			0.80999999999999994,
			0.20999999999999999,
			0.14999999999999999,
			0.80999999999999994,
			0.44999999999999996,
			0.68999999999999995,
			0.32999999999999996,
			0.32999999999999996,
			0.87,
			0.56999999999999995,
			1.1700000000000002,
			0.0,
			2.0099999999999998,
			1.53,
			1.53,
			0.51000000000000001,
			1.4099999999999999,
			1.47,
			0.44999999999999996,
			1.1100000000000001,
			1.5900000000000001,
			0.74999999999999989,
			0.51000000000000001,
			0.44999999999999996,
			0.0,
			0.39000000000000001,
			1.1700000000000002,
			0.32999999999999996,
			1.6500000000000001,
			1.95,
			0.27000000000000002,
			1.47,
			1.47,
			0.32999999999999996,
			0.39000000000000001,
			1.71,
			0.44999999999999996,
			0.51000000000000001,
			0.14999999999999999,
			0.44999999999999996,
			0.68999999999999995,
			0.14999999999999999,
			1.8300000000000001,
			2.0699999999999998,
			0.32999999999999996,
			0.32999999999999996,
			0.44999999999999996,
			1.29,
			0.74999999999999989,
			1.77,
			0.68999999999999995,
			0.20999999999999999,
			0.80999999999999994,
			0.14999999999999999,
			0.14999999999999999,
			1.23,
			0.32999999999999996,
			1.29,
			1.1700000000000002,
			0.32999999999999996,
			1.47,
			1.71,
			1.23,
			1.77,
			1.71,
			0.0,
			0.74999999999999989,
			0.56999999999999995
		],
		[
			0.14999999999999999,
			0.0,
			2.25,
			1.77,
			0.56999999999999995,
			1.29,
			2.1299999999999999,
			2.0699999999999998,
			1.29,
			1.6500000000000001,
			1.4099999999999999,
			1.77,
			1.77,
			1.23,
			1.53,
			0.92999999999999994,
			2.0099999999999998,
			0.0,
			0.56999999999999995,
			0.56999999999999995,
			1.5900000000000001,
			0.68999999999999995,
			0.63,
			2.3699999999999997,
			0.98999999999999988,
			0.51000000000000001,
			1.3500000000000001,
			1.5900000000000001,
			2.3699999999999997,
			2.0099999999999998,
			2.3099999999999996,
			0.92999999999999994,
			2.25,
			0.44999999999999996,
			0.14999999999999999,
			1.8300000000000001,
			0.63,
			0.63,
			2.25,
			2.3099999999999996,
			0.39000000000000001,
			2.3699999999999997,
			1.5900000000000001,
			2.0699999999999998,
			2.3699999999999997,
			1.4099999999999999,
			2.0699999999999998,
			0.27000000000000002,
			0.14999999999999999,
			2.25,
			1.77,
			2.3699999999999997,
			0.80999999999999994,
			1.3500000000000001,
			0.32999999999999996,
			1.4099999999999999,
			2.1299999999999999,
			1.29,
			1.95,
			1.95,
			0.87,
			2.25,
			0.80999999999999994,
			0.92999999999999994,
			2.25,
			0.63,
			0.39000000000000001,
			0.87,
			0.32999999999999996,
			0.39000000000000001,
			2.0099999999999998,
			1.3500000000000001,
			1.53
		],
		[
			0.63,
			0.56999999999999995,
			1.77,
			1.29,
			0.0,
			0.80999999999999994,
			1.6500000000000001,
			1.5900000000000001,
			0.80999999999999994,
			1.1700000000000002,
			0.92999999999999994,
			1.29,
			1.29,
			0.74999999999999989,
