{
	"instance_setting" : 
	{
		"average_number_of_tasks_executed_by_yc_per_hour" : 18,
		"external_task_ratio" : 0.29999999999999999,
		"instance_id" : 40,
		"number_of_external_tasks" : 22,
		"number_of_internal_tasks" : 50,
		"number_of_tasks" : 72,
		"planning_window_length_in_hours" : 4.0
	},
	"offline_optimal" : 777.10999999999751,
	"offline_solution_computation_time_in_seconds" : 1.4479666,
	"offline_solution_task_sequence" : 
	[
		0,
		1,
		2,
		3,
		5,
		4,
		6,
		7,
		51,
		8,
		9,
		10,
		11,
		12,
		13,
		14,
		58,
		56,
		57,
		53,
		15,
		52,
		16,
		17,
		18,
		55,
		54,
		20,
		19,
		21,
		22,
		59,
		23,
		60,
		24,
		25,
		61,
		26,
		27,
		62,
		29,
		28,
		32,
		31,
		30,
		34,
		35,
		33,
		37,
		38,
		36,
		63,
		39,
		65,
		64,
		67,
		68,
		69,
		40,
		42,
		41,
		43,
		44,
		45,
		71,
		46,
		47,
		48,
		50,
		66,
		49,
		72,
		70
	],
	"tasks" : 
	[
		{
			"due_date" : 0.0,
			"id" : 0,
			"is_internal" : true,
			"processing_time" : 0.0,
			"release_time" : 0.0,
			"tardiness_weight" : 0.0
		},
		{
			"due_date" : 2.6000000000000001,
			"id" : 1,
			"is_internal" : true,
			"processing_time" : 2.1800000000000002,
			"release_time" : 0.0,
			"tardiness_weight" : 4.0
		},
		{
			"due_date" : 6.75,
			"id" : 2,
			"is_internal" : true,
			"processing_time" : 3.5699999999999998,
			"release_time" : 1.52,
			"tardiness_weight" : 3.0
		},
		{
			"due_date" : 14.9,
			"id" : 3,
			"is_internal" : true,
			"processing_time" : 2.3399999999999999,
			"release_time" : 11.960000000000001,
			"tardiness_weight" : 3.0
		},
		{
			"due_date" : 16.719999999999999,
			"id" : 4,
			"is_internal" : true,
			"processing_time" : 2.3199999999999998,
			"release_time" : 13.59,
			"tardiness_weight" : 4.0
		},
		{
			"due_date" : 17.77,
			"id" : 5,
			"is_internal" : true,
			"processing_time" : 2.6099999999999999,
			"release_time" : 12.25,
			"tardiness_weight" : 4.0
		},
		{
			"due_date" : 21.18,
			"id" : 6,
			"is_internal" : true,
			"processing_time" : 2.4199999999999999,
			"release_time" : 17.41,
			"tardiness_weight" : 3.0
		},
		{
			"due_date" : 28.260000000000002,
			"id" : 7,
			"is_internal" : true,
			"processing_time" : 3.1200000000000001,
			"release_time" : 22.390000000000001,
			"tardiness_weight" : 3.0
		},
		{
			"due_date" : 32.670000000000002,
			"id" : 8,
			"is_internal" : true,
			"processing_time" : 2.5099999999999998,
			"release_time" : 28.77,
			"tardiness_weight" : 3.0
		},
		{
			"due_date" : 35.530000000000001,
			"id" : 9,
			"is_internal" : true,
			"processing_time" : 3.3199999999999998,
			"release_time" : 31.309999999999999,
			"tardiness_weight" : 3.0
		},
		{
			"due_date" : 36.460000000000001,
			"id" : 10,
			"is_internal" : true,
			"processing_time" : 2.9399999999999999,
			"release_time" : 30.48,
			"tardiness_weight" : 4.0
		},
		{
			"due_date" : 40.100000000000001,
			"id" : 11,
			"is_internal" : true,
			"processing_time" : 3.1699999999999999,
			"release_time" : 34.829999999999998,
			"tardiness_weight" : 3.0
		},
		{
			"due_date" : 49.68,
			"id" : 12,
			"is_internal" : true,
			"processing_time" : 3.3700000000000001,
			"release_time" : 44.939999999999998,
			"tardiness_weight" : 3.0
		},
		{
			"due_date" : 52.409999999999997,
			"id" : 13,
			"is_internal" : true,
			"processing_time" : 2.9300000000000002,
			"release_time" : 48.039999999999999,
			"tardiness_weight" : 4.0
		},
		{
			"due_date" : 56.289999999999999,
			"id" : 14,
			"is_internal" : true,
			"processing_time" : 2.5,
			"release_time" : 52.590000000000003,
			"tardiness_weight" : 3.0
		},
		{
			"due_date" : 69.629999999999995,
			"id" : 15,
			"is_internal" : true,
			"processing_time" : 2.2400000000000002,
			"release_time" : 66.459999999999994,
			"tardiness_weight" : 4.0
		},
		{
			"due_date" : 74.359999999999999,
			"id" : 16,
			"is_internal" : true,
			"processing_time" : 2.0099999999999998,
			"release_time" : 71.939999999999998,
			"tardiness_weight" : 3.0
		},
		{
			"due_date" : 76.510000000000005,
			"id" : 17,
			"is_internal" : true,
			"processing_time" : 2.4100000000000001,
			"release_time" : 71.489999999999995,
			"tardiness_weight" : 4.0
		},
		{
			"due_date" : 80.040000000000006,
			"id" : 18,
			"is_internal" : true,
			"processing_time" : 3.6699999999999999,
			"release_time" : 74.430000000000007,
			"tardiness_weight" : 4.0
		},
		{
			"due_date" : 90.349999999999994,
			"id" : 19,
			"is_internal" : true,
			"processing_time" : 3.48,
			"release_time" : 85.5,
			"tardiness_weight" : 3.0
		},
		{
			"due_date" : 90.409999999999997,
			"id" : 20,
			"is_internal" : true,
			"processing_time" : 2.0600000000000001,
			"release_time" : 84.769999999999996,
			"tardiness_weight" : 4.0
		},
		{
			"due_date" : 95.900000000000006,
			"id" : 21,
			"is_internal" : true,
			"processing_time" : 2.2999999999999998,
			"release_time" : 91.019999999999996,
			"tardiness_weight" : 3.0
		},
		{
			"due_date" : 99.659999999999997,
			"id" : 22,
			"is_internal" : true,
			"processing_time" : 2.2200000000000002,
			"release_time" : 95.840000000000003,
			"tardiness_weight" : 4.0
		},
		{
			"due_date" : 110.72,
			"id" : 23,
			"is_internal" : true,
			"processing_time" : 2.2599999999999998,
			"release_time" : 105.23,
			"tardiness_weight" : 3.0
		},
		{
			"due_date" : 120.34999999999999,
			"id" : 24,
			"is_internal" : true,
			"processing_time" : 3.3100000000000001,
			"release_time" : 115.19,
			"tardiness_weight" : 4.0
		},
		{
			"due_date" : 124.23999999999999,
			"id" : 25,
			"is_internal" : true,
			"processing_time" : 3.29,
			"release_time" : 119.45,
			"tardiness_weight" : 4.0
		},
		{
			"due_date" : 130.72999999999999,
			"id" : 26,
			"is_internal" : true,
			"processing_time" : 2.9700000000000002,
			"release_time" : 127.12,
			"tardiness_weight" : 3.0
		},
		{
			"due_date" : 134.03999999999999,
			"id" : 27,
			"is_internal" : true,
			"processing_time" : 3.8500000000000001,
			"release_time" : 128.11000000000001,
			"tardiness_weight" : 4.0
		},
		{
			"due_date" : 143.38,
			"id" : 28,
			"is_internal" : true,
			"processing_time" : 2.02,
			"release_time" : 140.66,
			"tardiness_weight" : 3.0
		},
		{
			"due_date" : 143.44999999999999,
			"id" : 29,
			"is_internal" : true,
			"processing_time" : 2.4900000000000002,
			"release_time" : 140.44999999999999,
			"tardiness_weight" : 4.0
		},
		{
			"due_date" : 146.31,
			"id" : 30,
			"is_internal" : true,
			"processing_time" : 3.0699999999999998,
			"release_time" : 141.12,
			"tardiness_weight" : 3.0
		},
		{
			"due_date" : 147.28,
			"id" : 31,
			"is_internal" : true,
			"processing_time" : 3.1699999999999999,
			"release_time" : 143.21000000000001,
			"tardiness_weight" : 3.0
		},
		{
			"due_date" : 148.87,
			"id" : 32,
			"is_internal" : true,
			"processing_time" : 3.9500000000000002,
			"release_time" : 143.61000000000001,
			"tardiness_weight" : 3.0
		},
		{
			"due_date" : 159.75,
			"id" : 33,
			"is_internal" : true,
			"processing_time" : 3.6299999999999999,
			"release_time" : 153.91999999999999,
			"tardiness_weight" : 4.0
		},
		{
			"due_date" : 160.66999999999999,
			"id" : 34,
			"is_internal" : true,
			"processing_time" : 2.1800000000000002,
			"release_time" : 157.06,
			"tardiness_weight" : 3.0
		},
		{
			"due_date" : 161.69999999999999,
			"id" : 35,
			"is_internal" : true,
			"processing_time" : 2.8199999999999998,
			"release_time" : 158.56,
			"tardiness_weight" : 3.0
		},
		{
			"due_date" : 170.38,
			"id" : 36,
			"is_internal" : true,
			"processing_time" : 2.96,
			"release_time" : 164.47999999999999,
			"tardiness_weight" : 3.0
		},
		{
			"due_date" : 170.41,
			"id" : 37,
			"is_internal" : true,
			"processing_time" : 2.1000000000000001,
			"release_time" : 164.61000000000001,
			"tardiness_weight" : 4.0
		},
		{
			"due_date" : 171.38,
			"id" : 38,
			"is_internal" : true,
			"processing_time" : 3.48,
			"release_time" : 166.53999999999999,
			"tardiness_weight" : 3.0
		},
		{
			"due_date" : 183.11000000000001,
			"id" : 39,
			"is_internal" : true,
			"processing_time" : 2.9900000000000002,
			"release_time" : 179.44999999999999,
			"tardiness_weight" : 4.0
		},
		{
			"due_date" : 202.22999999999999,
			"id" : 40,
			"is_internal" : true,
			"processing_time" : 2.0899999999999999,
			"release_time" : 198.0,
			"tardiness_weight" : 3.0
		},
		{
			"due_date" : 203.40000000000001,
			"id" : 41,
			"is_internal" : true,
			"processing_time" : 2.2999999999999998,
			"release_time" : 199.02000000000001,
			"tardiness_weight" : 3.0
		},
		{
			"due_date" : 203.99000000000001,
			"id" : 42,
			"is_internal" : true,
			"processing_time" : 2.23,
			"release_time" : 198.31,
			"tardiness_weight" : 4.0
		},
		{
			"due_date" : 205.58000000000001,
			"id" : 43,
			"is_internal" : true,
			"processing_time" : 3.9300000000000002,
			"release_time" : 201.28,
			"tardiness_weight" : 3.0
		},
		{
			"due_date" : 205.65000000000001,
			"id" : 44,
			"is_internal" : true,
			"processing_time" : 3.7999999999999998,
			"release_time" : 201.59999999999999,
			"tardiness_weight" : 3.0
		},
		{
			"due_date" : 216.28999999999999,
			"id" : 45,
			"is_internal" : true,
			"processing_time" : 2.71,
			"release_time" : 211.22999999999999,
			"tardiness_weight" : 3.0
		},
		{
			"due_date" : 225.41999999999999,
			"id" : 46,
			"is_internal" : true,
			"processing_time" : 2.5,
			"release_time" : 222.46000000000001,
			"tardiness_weight" : 4.0
		},
		{
			"due_date" : 227.44999999999999,
			"id" : 47,
			"is_internal" : true,
			"processing_time" : 3.98,
			"release_time" : 222.13999999999999,
			"tardiness_weight" : 3.0
		},
		{
			"due_date" : 231.62,
			"id" : 48,
			"is_internal" : true,
			"processing_time" : 2.8700000000000001,
			"release_time" : 227.90000000000001,
			"tardiness_weight" : 3.0
		},
		{
			"due_date" : 235.91999999999999,
			"id" : 49,
			"is_internal" : true,
			"processing_time" : 2.1000000000000001,
			"release_time" : 231.52000000000001,
			"tardiness_weight" : 3.0
		},
		{
			"due_date" : 238.16,
			"id" : 50,
			"is_internal" : true,
			"processing_time" : 3.8599999999999999,
			"release_time" : 233.59999999999999,
			"tardiness_weight" : 4.0
		},
		{
			"due_date" : 26.02,
			"id" : 51,
			"is_internal" : false,
			"processing_time" : 2.0,
			"release_time" : 24.02,
			"tardiness_weight" : 1.0
		},
		{
			"due_date" : 35.859999999999999,
			"id" : 52,
			"is_internal" : false,
			"processing_time" : 2.0,
			"release_time" : 33.859999999999999,
			"tardiness_weight" : 1.0
		},
		{
			"due_date" : 42.340000000000003,
			"id" : 53,
			"is_internal" : false,
			"processing_time" : 2.0,
			"release_time" : 40.340000000000003,
			"tardiness_weight" : 1.0
		},
		{
			"due_date" : 42.670000000000002,
			"id" : 54,
			"is_internal" : false,
			"processing_time" : 2.0,
			"release_time" : 40.670000000000002,
			"tardiness_weight" : 1.0
		},
		{
			"due_date" : 43.539999999999999,
			"id" : 55,
			"is_internal" : false,
			"processing_time" : 2.0,
			"release_time" : 41.539999999999999,
			"tardiness_weight" : 1.0
		},
		{
			"due_date" : 49.710000000000001,
			"id" : 56,
			"is_internal" : false,
			"processing_time" : 2.0,
			"release_time" : 47.710000000000001,
			"tardiness_weight" : 1.0
		},
		{
			"due_date" : 53.659999999999997,
			"id" : 57,
			"is_internal" : false,
			"processing_time" : 2.0,
			"release_time" : 51.659999999999997,
			"tardiness_weight" : 1.0
		},
		{
			"due_date" : 58.229999999999997,
			"id" : 58,
			"is_internal" : false,
			"processing_time" : 2.0,
			"release_time" : 56.229999999999997,
			"tardiness_weight" : 1.0
		},
		{
			"due_date" : 106.31999999999999,
			"id" : 59,
			"is_internal" : false,
			"processing_time" : 2.0,
			"release_time" : 104.31999999999999,
			"tardiness_weight" : 1.0
		},
		{
			"due_date" : 112.65000000000001,
			"id" : 60,
			"is_internal" : false,
			"processing_time" : 2.0,
			"release_time" : 110.65000000000001,
			"tardiness_weight" : 1.0
		},
		{
			"due_date" : 122.97,
			"id" : 61,
			"is_internal" : false,
			"processing_time" : 2.0,
			"release_time" : 120.97,
			"tardiness_weight" : 1.0
		},
		{
			"due_date" : 138.74000000000001,
			"id" : 62,
			"is_internal" : false,
			"processing_time" : 2.0,
			"release_time" : 136.74000000000001,
			"tardiness_weight" : 1.0
		},
		{
			"due_date" : 147.52000000000001,
			"id" : 63,
			"is_internal" : false,
			"processing_time" : 2.0,
			"release_time" : 145.52000000000001,
			"tardiness_weight" : 1.0
		},
		{
			"due_date" : 151.43000000000001,
			"id" : 64,
			"is_internal" : false,
			"processing_time" : 2.0,
			"release_time" : 149.43000000000001,
			"tardiness_weight" : 1.0
		},
		{
			"due_date" : 166.66,
			"id" : 65,
			"is_internal" : false,
			"processing_time" : 2.0,
			"release_time" : 164.66,
			"tardiness_weight" : 1.0
		},
		{
			"due_date" : 176.41999999999999,
			"id" : 66,
			"is_internal" : false,
			"processing_time" : 2.0,
			"release_time" : 174.41999999999999,
			"tardiness_weight" : 1.0
		},
		{
			"due_date" : 189.69,
			"id" : 67,
			"is_internal" : false,
			"processing_time" : 2.0,
			"release_time" : 187.69,
			"tardiness_weight" : 1.0
		},
		{
			"due_date" : 191.88,
			"id" : 68,
			"is_internal" : false,
			"processing_time" : 2.0,
			"release_time" : 189.88,
			"tardiness_weight" : 1.0
		},
		{
			"due_date" : 196.34,
			"id" : 69,
			"is_internal" : false,
			"processing_time" : 2.0,
			"release_time" : 194.34,
			"tardiness_weight" : 1.0
		},
		{
			"due_date" : 210.53,
			"id" : 70,
			"is_internal" : false,
			"processing_time" : 2.0,
			"release_time" : 208.53,
			"tardiness_weight" : 1.0
		},
		{
			"due_date" : 214.59999999999999,
			"id" : 71,
			"is_internal" : false,
			"processing_time" : 2.0,
			"release_time" : 212.59999999999999,
			"tardiness_weight" : 1.0
		},
		{
			"due_date" : 226.09,
			"id" : 72,
			"is_internal" : false,
			"processing_time" : 2.0,
			"release_time" : 224.09,
			"tardiness_weight" : 1.0
		}
	],
	"time_adjacency_matrix" : 
	[
		[
			0.0,
			1.5900000000000001,
			0.0,
			1.4099999999999999,
			0.27000000000000002,
			1.23,
			1.5900000000000001,
			0.87,
			1.8899999999999999,
			1.77,
			0.63,
			0.92999999999999994,
			1.29,
			0.14999999999999999,
			1.8300000000000001,
			1.4099999999999999,
			1.47,
			1.6500000000000001,
			0.39000000000000001,
			0.74999999999999989,
			1.3500000000000001,
			1.4099999999999999,
			1.95,
			1.4099999999999999,
			2.0699999999999998,
			1.23,
			2.0099999999999998,
			2.3699999999999997,
			0.44999999999999996,
			0.92999999999999994,
			1.8899999999999999,
			1.77,
			0.87,
			0.92999999999999994,
			2.25,
			1.23,
			1.1100000000000001,
			0.56999999999999995,
			0.80999999999999994,
			1.53,
			0.80999999999999994,
			0.51000000000000001,
			0.51000000000000001,
			1.29,
			1.3500000000000001,
			1.6500000000000001,
			2.1299999999999999,
			1.23,
			0.80999999999999994,
			2.3699999999999997,
			0.27000000000000002,
			0.98999999999999988,
			1.05,
			2.3699999999999997,
			0.87,
			0.63,
			2.0099999999999998,
			2.1299999999999999,
			1.77,
			1.05,
			0.14999999999999999,
			2.1899999999999999,
			0.92999999999999994,
			0.68999999999999995,
			0.68999999999999995,
			2.0099999999999998,
			0.20999999999999999,
			0.92999999999999994,
			1.53,
			2.3099999999999996,
			0.0,
			1.1700000000000002,
			1.53
		],
		[
			1.5900000000000001,
			0.0,
			1.5900000000000001,
			0.27000000000000002,
			1.4099999999999999,
			0.44999999999999996,
			0.0,
			0.80999999999999994,
			0.39000000000000001,
			0.27000000000000002,
			1.05,
			0.74999999999999989,
			0.39000000000000001,
			1.53,
			0.32999999999999996,
			0.27000000000000002,
			0.20999999999999999,
			0.14999999999999999,
			1.29,
			0.92999999999999994,
			0.32999999999999996,
			0.27000000000000002,
			0.44999999999999996,
			0.27000000000000002,
			0.56999999999999995,
			0.44999999999999996,
			0.51000000000000001,
			0.87,
			1.23,
			0.74999999999999989,
			0.39000000000000001,
			0.27000000000000002,
			0.80999999999999994,
			0.74999999999999989,
			0.74999999999999989,
			0.44999999999999996,
			0.56999999999999995,
			1.1100000000000001,
			0.87,
			0.14999999999999999,
			0.87,
			1.1700000000000002,
			1.1700000000000002,
			0.39000000000000001,
			0.32999999999999996,
			0.14999999999999999,
			0.63,
			0.44999999999999996,
			0.87,
			0.87,
			1.4099999999999999,
			0.68999999999999995,
			0.63,
			0.87,
			0.80999999999999994,
			1.05,
			0.51000000000000001,
			0.63,
			0.27000000000000002,
			0.63,
			1.53,
			0.68999999999999995,
			0.74999999999999989,
			0.98999999999999988,
			0.98999999999999988,
			0.51000000000000001,
			1.47,
			0.74999999999999989,
			0.14999999999999999,
			0.80999999999999994,
			1.5900000000000001,
			0.51000000000000001,
			0.14999999999999999
		],
		[
			0.0,
			1.5900000000000001,
			0.0,
			1.4099999999999999,
			0.27000000000000002,
			1.23,
			1.5900000000000001,
			0.87,
			1.8899999999999999,
			1.77,
			0.63,
			0.92999999999999994,
			1.29,
			0.14999999999999999,
			1.8300000000000001,
			1.4099999999999999,
			1.47,
			1.6500000000000001,
			0.39000000000000001,
			0.74999999999999989,
			1.3500000000000001,
			1.4099999999999999,
			1.95,
			1.4099999999999999,
			2.0699999999999998,
			1.23,
			2.0099999999999998,
			2.3699999999999997,
			0.44999999999999996,
			0.92999999999999994,
			1.8899999999999999,
			1.77,
			0.87,
			0.92999999999999994,
			2.25,
			1.23,
			1.1100000000000001,
			0.56999999999999995,
			0.80999999999999994,
			1.53,
			0.80999999999999994,
			0.51000000000000001,
			0.51000000000000001,
			1.29,
			1.3500000000000001,
			1.6500000000000001,
			2.1299999999999999,
			1.23,
			0.80999999999999994,
			2.3699999999999997,
			0.27000000000000002,
			0.98999999999999988,
			1.05,
			2.3699999999999997,
			0.87,
			0.63,
			2.0099999999999998,
			2.1299999999999999,
			1.77,
			1.05,
			0.14999999999999999,
			2.1899999999999999,
			0.92999999999999994,
			0.68999999999999995,
			0.68999999999999995,
			2.0099999999999998,
			0.20999999999999999,
			0.92999999999999994,
			1.53,
			2.3099999999999996,
			0.0,
			1.1700000000000002,
			1.53
		],
		[
			1.4099999999999999,
			0.27000000000000002,
			1.4099999999999999,
			0.0,
			1.23,
			0.27000000000000002,
			0.27000000000000002,
			0.63,
			0.56999999999999995,
			0.44999999999999996,
			0.87,
			0.56999999999999995,
			0.20999999999999999,
			1.3500000000000001,
			0.51000000000000001,
			0.0,
			0.14999999999999999,
			0.32999999999999996,
			1.1100000000000001,
			0.74999999999999989,
			0.14999999999999999,
			0.0,
			0.63,
			0.0,
			0.74999999999999989,
			0.27000000000000002,
			0.68999999999999995,
			1.05,
			1.05,
			0.56999999999999995,
			0.56999999999999995,
			0.44999999999999996,
			0.63,
			0.56999999999999995,
			0.92999999999999994,
			0.27000000000000002,
			0.39000000000000001,
			0.92999999999999994,
			0.68999999999999995,
			0.20999999999999999,
			0.68999999999999995,
			0.98999999999999988,
			0.98999999999999988,
			0.20999999999999999,
			0.14999999999999999,
			0.32999999999999996,
			0.80999999999999994,
			0.27000000000000002,
			0.68999999999999995,
			1.05,
			1.23,
			0.51000000000000001,
			0.44999999999999996,
			1.05,
			0.63,
			0.87,
			0.68999999999999995,
			0.80999999999999994,
			0.44999999999999996,
			0.44999999999999996,
			1.3500000000000001,
			0.87,
			0.56999999999999995,
			0.80999999999999994,
			0.80999999999999994,
			0.68999999999999995,
			1.29,
			0.56999999999999995,
			0.20999999999999999,
			0.98999999999999988,
			1.4099999999999999,
			0.32999999999999996,
			0.20999999999999999
		],
		[
			0.27000000000000002,
			1.4099999999999999,
			0.27000000000000002,
			1.23,
			0.0,
			1.05,
			1.4099999999999999,
			0.68999999999999995,
			1.71,
			1.5900000000000001,
			0.44999999999999996,
			0.74999999999999989,
			1.1100000000000001,
			0.20999999999999999,
			1.6500000000000001,
			1.23,
			1.29,
			1.47,
			0.20999999999999999,
			0.56999999999999995,
			1.1700000000000002,
			1.23,
			1.77,
			1.23,
			1.8899999999999999,
			1.05,
			1.8300000000000001,
			2.1899999999999999,
			0.27000000000000002,
			0.74999999999999989,
			1.71,
			1.5900000000000001,
			0.68999999999999995,
			0.74999999999999989,
			2.0699999999999998,
			1.05,
			0.92999999999999994,
			0.39000000000000001,
			0.63,
			1.3500000000000001,
			0.63,
			0.32999999999999996,
			0.32999999999999996,
			1.1100000000000001,
			1.1700000000000002,
			1.47,
			1.95,
			1.05,
			0.63,
			2.1899999999999999,
			0.0,
			0.80999999999999994,
			0.87,
			2.1899999999999999,
			0.68999999999999995,
			0.44999999999999996,
			1.8300000000000001,
			1.95,
			1.5900000000000001,
			0.87,
			0.20999999999999999,
			2.0099999999999998,
			0.74999999999999989,
			0.51000000000000001,
			0.51000000000000001,
			1.8300000000000001,
			0.14999999999999999,
			0.74999999999999989,
			1.3500000000000001,
			2.1299999999999999,
			0.27000000000000002,
			0.98999999999999988,
			1.3500000000000001
		],
		[
			1.23,
			0.44999999999999996,
			1.23,
			0.27000000000000002,
			1.05,
			0.0,
			0.44999999999999996,
			0.44999999999999996,
			0.74999999999999989,
			0.63,
			0.68999999999999995,
			0.39000000000000001,
			0.14999999999999999,
			1.1700000000000002,
			0.68999999999999995,
			0.27000000000000002,
			0.32999999999999996,
			0.51000000000000001,
			0.92999999999999994,
			0.56999999999999995,
			0.20999999999999999,
			0.27000000000000002,
			0.80999999999999994,
			0.27000000000000002,
			0.92999999999999994,
			0.0,
			0.87,
			1.23,
			0.87,
			0.39000000000000001,
			0.74999999999999989,
			0.63,
			0.44999999999999996,
			0.39000000000000001,
			1.1100000000000001,
			0.0,
			0.20999999999999999,
			0.74999999999999989,
			0.51000000000000001,
			0.39000000000000001,
			0.51000000000000001,
			0.80999999999999994,
			0.80999999999999994,
			0.14999999999999999,
			0.20999999999999999,
			0.51000000000000001,
			0.98999999999999988,
			0.0,
			0.51000000000000001,
			1.23,
			1.05,
			0.32999999999999996,
			0.27000000000000002,
			1.23,
			0.44999999999999996,
			0.68999999999999995,
			0.87,
			0.98999999999999988,
			0.63,
			0.27000000000000002,
			1.1700000000000002,
			1.05,
			0.39000000000000001,
			0.63,
			0.63,
			0.87,
			1.1100000000000001,
			0.39000000000000001,
			0.39000000000000001,
			1.1700000000000002,
			1.23,
			0.14999999999999999,
			0.39000000000000001
		],
		[
			1.5900000000000001,
			0.0,
			1.5900000000000001,
			0.27000000000000002,
			1.4099999999999999,
			0.44999999999999996,
			0.0,
			0.80999999999999994,
			0.39000000000000001,
			0.27000000000000002,
			1.05,
			0.74999999999999989,
			0.39000000000000001,
			1.53,
			0.32999999999999996,
			0.27000000000000002,
			0.20999999999999999,
			0.14999999999999999,
			1.29,
			0.92999999999999994,
			0.32999999999999996,
			0.27000000000000002,
			0.44999999999999996,
			0.27000000000000002,
			0.56999999999999995,
			0.44999999999999996,
			0.51000000000000001,
			0.87,
			1.23,
			0.74999999999999989,
			0.39000000000000001,
			0.27000000000000002,
			0.80999999999999994,
			0.74999999999999989,
			0.74999999999999989,
			0.44999999999999996,
			0.56999999999999995,
			1.1100000000000001,
			0.87,
			0.14999999999999999,
			0.87,
			1.1700000000000002,
			1.1700000000000002,
			0.39000000000000001,
			0.32999999999999996,
			0.14999999999999999,
			0.63,
			0.44999999999999996,
			0.87,
			0.87,
			1.4099999999999999,
			0.68999999999999995,
			0.63,
			0.87,
			0.80999999999999994,
			1.05,
			0.51000000000000001,
			0.63,
			0.27000000000000002,
			0.63,
			1.53,
			0.68999999999999995,
			0.74999999999999989,
			0.98999999999999988,
			0.98999999999999988,
			0.51000000000000001,
			1.47,
			0.74999999999999989,
			0.14999999999999999,
			0.80999999999999994,
			1.5900000000000001,
			0.51000000000000001,
			0.14999999999999999
		],
		[
			0.87,
			0.80999999999999994,
			0.87,
			0.63,
			0.68999999999999995,
			0.44999999999999996,
			0.80999999999999994,
			0.0,
			1.1100000000000001,
			0.98999999999999988,
			0.32999999999999996,
			0.14999999999999999,
			0.51000000000000001,
			0.80999999999999994,
			1.05,
			0.63,
			0.68999999999999995,
			0.87,
			0.56999999999999995,
			0.20999999999999999,
			0.56999999999999995,
			0.63,
			1.1700000000000002,
			0.63,
			1.29,
			0.44999999999999996,
			1.23,
			1.5900000000000001,
			0.51000000000000001,
			0.14999999999999999,
			1.1100000000000001,
			0.98999999999999988,
			0.0,
			0.14999999999999999,
			1.47,
			0.44999999999999996,
			0.32999999999999996,
			0.39000000000000001,
			0.14999999999999999,
			0.74999999999999989,
			0.14999999999999999,
			0.44999999999999996,
			0.44999999999999996,
			0.51000000000000001,
			0.56999999999999995,
			0.87,
			1.3500000000000001,
			0.44999999999999996,
			0.14999999999999999,
			1.5900000000000001,
			0.68999999999999995,
			0.20999999999999999,
			0.27000000000000002,
			1.5900000000000001,
			0.0,
			0.32999999999999996,
			1.23,
			1.3500000000000001,
			0.98999999999999988,
			0.27000000000000002,
			0.80999999999999994,
			1.4099999999999999,
			0.14999999999999999,
			0.27000000000000002,
			0.27000000000000002,
			1.23,
			0.74999999999999989,
			0.14999999999999999,
			0.74999999999999989,
			1.53,
			0.87,
			0.39000000000000001,
			0.74999999999999989
		],
		[
			1.8899999999999999,
			0.39000000000000001,
			1.8899999999999999,
			0.56999999999999995,
			1.71,
			0.74999999999999989,
			0.39000000000000001,
			1.1100000000000001,
			0.0,
			0.20999999999999999,
			1.3500000000000001,
			1.05,
			0.68999999999999995,
			1.8300000000000001,
			0.14999999999999999,
			0.56999999999999995,
			0.51000000000000001,
			0.32999999999999996,
			1.5900000000000001,
			1.23,
			0.63,
			0.56999999999999995,
			0.14999999999999999,
			0.56999999999999995,
			0.27000000000000002,
			0.74999999999999989,
			0.20999999999999999,
			0.56999999999999995,
			1.53,
			1.05,
			0.0,
			0.20999999999999999,
			1.1100000000000001,
			1.05,
			0.44999999999999996,
			0.74999999999999989,
			0.87,
			1.4099999999999999,
			1.1700000000000002,
			0.44999999999999996,
			1.1700000000000002,
			1.47,
			1.47,
			0.68999999999999995,
			0.63,
			0.32999999999999996,
			0.32999999999999996,
			0.74999999999999989,
			1.1700000000000002,
			0.56999999999999995,
			1.71,
			0.98999999999999988,
			0.92999999999999994,
			0.56999999999999995,
			1.1100000000000001,
			1.3500000000000001,
			0.20999999999999999,
			0.32999999999999996,
			0.20999999999999999,
			0.92999999999999994,
			1.8300000000000001,
			0.39000000000000001,
			1.05,
			1.29,
			1.29,
			0.20999999999999999,
			1.77,
			1.05,
			0.44999999999999996,
			0.51000000000000001,
			1.8899999999999999,
			0.80999999999999994,
			0.44999999999999996
		],
		[
			1.77,
			0.27000000000000002,
			1.77,
			0.44999999999999996,
			1.5900000000000001,
			0.63,
			0.27000000000000002,
			0.98999999999999988,
			0.20999999999999999,
			0.0,
			1.23,
			0.92999999999999994,
			0.56999999999999995,
			1.71,
			0.14999999999999999,
			0.44999999999999996,
			0.39000000000000001,
			0.20999999999999999,
			1.47,
			1.1100000000000001,
			0.51000000000000001,
			0.44999999999999996,
			0.27000000000000002,
			0.44999999999999996,
			0.39000000000000001,
			0.63,
			0.32999999999999996,
			0.68999999999999995,
			1.4099999999999999,
			0.92999999999999994,
			0.20999999999999999,
			0.0,
			0.98999999999999988,
			0.92999999999999994,
			0.56999999999999995,
			0.63,
			0.74999999999999989,
			1.29,
			1.05,
			0.32999999999999996,
			1.05,
			1.3500000000000001,
			1.3500000000000001,
			0.56999999999999995,
			0.51000000000000001,
			0.20999999999999999,
			0.44999999999999996,
			0.63,
			1.05,
			0.68999999999999995,
			1.5900000000000001,
			0.87,
			0.80999999999999994,
			0.68999999999999995,
			0.98999999999999988,
			1.23,
			0.32999999999999996,
			0.44999999999999996,
			0.0,
			0.80999999999999994,
			1.71,
			0.51000000000000001,
			0.92999999999999994,
			1.1700000000000002,
			1.1700000000000002,
			0.32999999999999996,
			1.6500000000000001,
			0.92999999999999994,
			0.32999999999999996,
			0.63,
			1.77,
			0.68999999999999995,
			0.32999999999999996
		],
		[
			0.63,
			1.05,
			0.63,
			0.87,
			0.44999999999999996,
			0.68999999999999995,
			1.05,
			0.32999999999999996,
			1.3500000000000001,
			1.23,
			0.0,
			0.39000000000000001,
			0.74999999999999989,
			0.56999999999999995,
			1.29,
			0.87,
			0.92999999999999994,
			1.1100000000000001,
			0.32999999999999996,
			0.20999999999999999,
			0.80999999999999994,
			0.87,
			1.4099999999999999,
			0.87,
			1.53,
			0.68999999999999995,
			1.47,
			1.8300000000000001,
			0.27000000000000002,
			0.39000000000000001,
			1.3500000000000001,
			1.23,
			0.32999999999999996,
			0.39000000000000001,
			1.71,
			0.68999999999999995,
			0.56999999999999995,
			0.14999999999999999,
			0.27000000000000002,
			0.98999999999999988,
			0.27000000000000002,
			0.20999999999999999,
			0.20999999999999999,
			0.74999999999999989,
			0.80999999999999994,
			1.1100000000000001,
			1.5900000000000001,
			0.68999999999999995,
			0.27000000000000002,
			1.8300000000000001,
			0.44999999999999996,
			0.44999999999999996,
			0.51000000000000001,
			1.8300000000000001,
			0.32999999999999996,
			0.0,
			1.47,
			1.5900000000000001,
			1.23,
			0.51000000000000001,
			0.56999999999999995,
			1.6500000000000001,
			0.39000000000000001,
			0.14999999999999999,
			0.14999999999999999,
			1.47,
			0.51000000000000001,
			0.39000000000000001,
			0.98999999999999988,
			1.77,
			0.63,
			0.63,
			0.98999999999999988
		],
		[
			0.92999999999999994,
			0.74999999999999989,
			0.92999999999999994,
			0.56999999999999995,
			0.74999999999999989,
			0.39000000000000001,
			0.74999999999999989,
			0.14999999999999999,
			1.05,
			0.92999999999999994,
			0.39000000000000001,
			0.0,
			0.44999999999999996,
			0.87,
			0.98999999999999988,
			0.56999999999999995,
			0.63,
			0.80999999999999994,
			0.63,
			0.27000000000000002,
			0.51000000000000001,
			0.56999999999999995,
			1.1100000000000001,
			0.56999999999999995,
			1.23,
			0.39000000000000001,
			1.1700000000000002,
			1.53,
			0.56999999999999995,
			0.0,
			1.05,
			0.92999999999999994,
			0.14999999999999999,
			0.0,
			1.4099999999999999,
			0.39000000000000001,
			0.27000000000000002,
			0.44999999999999996,
			0.20999999999999999,
			0.68999999999999995,
			0.20999999999999999,
			0.51000000000000001,
			0.51000000000000001,
			0.44999999999999996,
			0.51000000000000001,
			0.80999999999999994,
			1.29,
			0.39000000000000001,
			0.20999999999999999,
			1.53,
			0.74999999999999989,
			0.14999999999999999,
			0.20999999999999999,
			1.53,
			0.14999999999999999,
			0.39000000000000001,
			1.1700000000000002,
			1.29,
			0.92999999999999994,
			0.20999999999999999,
			0.87,
			1.3500000000000001,
			0.0,
			0.32999999999999996,
			0.32999999999999996,
			1.1700000000000002,
			0.80999999999999994,
			0.0,
			0.68999999999999995,
			1.47,
			0.92999999999999994,
			0.32999999999999996,
			0.68999999999999995
		],
		[
			1.29,
			0.39000000000000001,
			1.29,
			0.20999999999999999,
			1.1100000000000001,
			0.14999999999999999,
			0.39000000000000001,
			0.51000000000000001,
			0.68999999999999995,
			0.56999999999999995,
			0.74999999999999989,
			0.44999999999999996,
			0.0,
			1.23,
			0.63,
			0.20999999999999999,
			0.27000000000000002,
			0.44999999999999996,
			0.98999999999999988,
			0.63,
			0.14999999999999999,
			0.20999999999999999,
			0.74999999999999989,
			0.20999999999999999,
			0.87,
			0.14999999999999999,
			0.80999999999999994,
			1.1700000000000002,
			0.92999999999999994,
			0.44999999999999996,
			0.68999999999999995,
			0.56999999999999995,
			0.51000000000000001,
			0.44999999999999996,
			1.05,
			0.14999999999999999,
			0.27000000000000002,
			0.80999999999999994,
			0.56999999999999995,
			0.32999999999999996,
			0.56999999999999995,
			0.87,
			0.87,
			0.0,
			0.14999999999999999,
			0.44999999999999996,
			0.92999999999999994,
			0.14999999999999999,
			0.56999999999999995,
			1.1700000000000002,
			1.1100000000000001,
			0.39000000000000001,
			0.32999999999999996,
			1.1700000000000002,
			0.51000000000000001,
			0.74999999999999989,
			0.80999999999999994,
			0.92999999999999994,
			0.56999999999999995,
			0.32999999999999996,
			1.23,
			0.98999999999999988,
			0.44999999999999996,
			0.68999999999999995,
			0.68999999999999995,
			0.80999999999999994,
			1.1700000000000002,
			0.44999999999999996,
			0.32999999999999996,
			1.1100000000000001,
			1.29,
			0.20999999999999999,
			0.32999999999999996
		],
		[
			0.14999999999999999,
			1.53,
			0.14999999999999999,
			1.3500000000000001,
			0.20999999999999999,
			1.1700000000000002,
			1.53,
			0.80999999999999994,
			1.8300000000000001,
			1.71,
			0.56999999999999995,
			0.87,
			1.23,
			0.0,
			1.77,
			1.3500000000000001,
			1.4099999999999999,
			1.5900000000000001,
			0.32999999999999996,
			0.68999999999999995,
			1.29,
			1.3500000000000001,
			1.8899999999999999,
			1.3500000000000001,
			2.0099999999999998,
			1.1700000000000002,
			1.95,
			2.3099999999999996,
			0.39000000000000001,
			0.87,
			1.8300000000000001,
			1.71,
			0.80999999999999994,
			0.87,
			2.1899999999999999,
			1.1700000000000002,
			1.05,
			0.51000000000000001,
			0.74999999999999989,
			1.47,
			0.74999999999999989,
			0.44999999999999996,
			0.44999999999999996,
			1.23,
			1.29,
			1.5900000000000001,
			2.0699999999999998,
			1.1700000000000002,
			0.74999999999999989,
			2.3099999999999996,
			0.20999999999999999,
			0.92999999999999994,
			0.98999999999999988,
			2.3099999999999996,
			0.80999999999999994,
			0.56999999999999995,
			1.95,
			2.0699999999999998,
			1.71,
			0.98999999999999988,
			0.0,
			2.1299999999999999,
			0.87,
			0.63,
			0.63,
			1.95,
			0.14999999999999999,
			0.87,
			1.47,
			2.25,
			0.14999999999999999,
			1.1100000000000001,
			1.47
		],
		[
			1.8300000000000001,
			0.32999999999999996,
			1.8300000000000001,
			0.51000000000000001,
			1.6500000000000001,
			0.68999999999999995,
			0.32999999999999996,
			1.05,
			0.14999999999999999,
			0.14999999999999999,
			1.29,
			0.98999999999999988,
			0.63,
			1.77,
			0.0,
			0.51000000000000001,
			0.44999999999999996,
			0.27000000000000002,
			1.53,
			1.1700000000000002,
			0.56999999999999995,
			0.51000000000000001,
			0.20999999999999999,
			0.51000000000000001,
			0.32999999999999996,
			0.68999999999999995,
			0.27000000000000002,
			0.63,
			1.47,
			0.98999999999999988,
			0.14999999999999999,
			0.14999999999999999,
			1.05,
			0.98999999999999988,
			0.51000000000000001,
			0.68999999999999995,
			0.80999999999999994,
			1.3500000000000001,
			1.1100000000000001,
			0.39000000000000001,
			1.1100000000000001,
			1.4099999999999999,
			1.4099999999999999,
			0.63,
			0.56999999999999995,
			0.27000000000000002,
			0.39000000000000001,
			0.68999999999999995,
			1.1100000000000001,
			0.63,
			1.6500000000000001,
			0.92999999999999994,
			0.87,
			0.63,
			1.05,
			1.29,
			0.27000000000000002,
			0.39000000000000001,
			0.14999999999999999,
			0.87,
			1.77,
			0.44999999999999996,
			0.98999999999999988,
			1.23,
			1.23,
			0.27000000000000002,
			1.71,
			0.98999999999999988,
			0.39000000000000001,
			0.56999999999999995,
			1.8300000000000001,
			0.74999999999999989,
			0.39000000000000001
		],
		[
			1.4099999999999999,
			0.27000000000000002,
			1.4099999999999999,
			0.0,
			1.23,
			0.27000000000000002,
			0.27000000000000002,
			0.63,
			0.56999999999999995,
			0.44999999999999996,
			0.87,
			0.56999999999999995,
			0.20999999999999999,
			1.3500000000000001,
			0.51000000000000001,
			0.0,
			0.14999999999999999,
			0.32999999999999996,
			1.1100000000000001,
			0.74999999999999989,
			0.14999999999999999,
			0.0,
			0.63,
			0.0,
			0.74999999999999989,
			0.27000000000000002,
			0.68999999999999995,
			1.05,
			1.05,
			0.56999999999999995,
			0.56999999999999995,
			0.44999999999999996,
			0.63,
			0.56999999999999995,
			0.92999999999999994,
			0.27000000000000002,
			0.39000000000000001,
			0.92999999999999994,
			0.68999999999999995,
			0.20999999999999999,
			0.68999999999999995,
			0.98999999999999988,
			0.98999999999999988,
			0.20999999999999999,
			0.14999999999999999,
			0.32999999999999996,
			0.80999999999999994,
			0.27000000000000002,
			0.68999999999999995,
			1.05,
			1.23,
			0.51000000000000001,
			0.44999999999999996,
			1.05,
			0.63,
			0.87,
			0.68999999999999995,
			0.80999999999999994,
			0.44999999999999996,
			0.44999999999999996,
			1.3500000000000001,
			0.87,
			0.56999999999999995,
			0.80999999999999994,
			0.80999999999999994,
			0.68999999999999995,
			1.29,
			0.56999999999999995,
			0.20999999999999999,
			0.98999999999999988,
			1.4099999999999999,
			0.32999999999999996,
			0.20999999999999999
		],
		[
			1.47,
			0.20999999999999999,
			1.47,
			0.14999999999999999,
			1.29,
			0.32999999999999996,
			0.20999999999999999,
			0.68999999999999995,
			0.51000000000000001,
			0.39000000000000001,
			0.92999999999999994,
			0.63,
			0.27000000000000002,
			1.4099999999999999,
			0.44999999999999996,
			0.14999999999999999,
			0.0,
			0.27000000000000002,
			1.1700000000000002,
			0.80999999999999994,
			0.20999999999999999,
			0.14999999999999999,
			0.56999999999999995,
			0.14999999999999999,
			0.68999999999999995,
			0.32999999999999996,
			0.63,
			0.98999999999999988,
			1.1100000000000001,
			0.63,
			0.51000000000000001,
			0.39000000000000001,
			0.68999999999999995,
			0.63,
			0.87,
			0.32999999999999996,
			0.44999999999999996,
			0.98999999999999988,
			0.74999999999999989,
			0.14999999999999999,
			0.74999999999999989,
			1.05,
			1.05,
			0.27000000000000002,
			0.20999999999999999,
			0.27000000000000002,
			0.74999999999999989,
			0.32999999999999996,
			0.74999999999999989,
			0.98999999999999988,
			1.29,
			0.56999999999999995,
			0.51000000000000001,
			0.98999999999999988,
			0.68999999999999995,
			0.92999999999999994,
			0.63,
			0.74999999999999989,
			0.39000000000000001,
			0.51000000000000001,
			1.4099999999999999,
			0.80999999999999994,
			0.63,
			0.87,
			0.87,
			0.63,
			1.3500000000000001,
			0.63,
			0.14999999999999999,
			0.92999999999999994,
			1.47,
			0.39000000000000001,
			0.14999999999999999
		],
		[
			1.6500000000000001,
			0.14999999999999999,
			1.6500000000000001,
			0.32999999999999996,
			1.47,
			0.51000000000000001,
			0.14999999999999999,
			0.87,
			0.32999999999999996,
			0.20999999999999999,
			1.1100000000000001,
			0.80999999999999994,
			0.44999999999999996,
			1.5900000000000001,
			0.27000000000000002,
			0.32999999999999996,
			0.27000000000000002,
			0.0,
			1.3500000000000001,
			0.98999999999999988,
			0.39000000000000001,
			0.32999999999999996,
			0.39000000000000001,
			0.32999999999999996,
			0.51000000000000001,
			0.51000000000000001,
			0.44999999999999996,
			0.80999999999999994,
			1.29,
			0.80999999999999994,
			0.32999999999999996,
			0.20999999999999999,
			0.87,
			0.80999999999999994,
			0.68999999999999995,
			0.51000000000000001,
			0.63,
			1.1700000000000002,
			0.92999999999999994,
			0.20999999999999999,
			0.92999999999999994,
			1.23,
			1.23,
			0.44999999999999996,
			0.39000000000000001,
			0.0,
			0.56999999999999995,
			0.51000000000000001,
			0.92999999999999994,
			0.80999999999999994,
			1.47,
			0.74999999999999989,
			0.68999999999999995,
			0.80999999999999994,
			0.87,
			1.1100000000000001,
			0.44999999999999996,
			0.56999999999999995,
			0.20999999999999999,
			0.68999999999999995,
			1.5900000000000001,
			0.63,
			0.80999999999999994,
			1.05,
			1.05,
			0.44999999999999996,
			1.53,
			0.80999999999999994,
			0.20999999999999999,
			0.74999999999999989,
			1.6500000000000001,
			0.56999999999999995,
			0.20999999999999999
