{
	"instance_setting" : 
	{
		"average_number_of_tasks_executed_by_yc_per_hour" : 18,
		"external_task_ratio" : 0.20000000000000001,
		"instance_id" : 29,
		"number_of_external_tasks" : 15,
		"number_of_internal_tasks" : 57,
		"number_of_tasks" : 72,
		"planning_window_length_in_hours" : 4.0
	},
	"offline_optimal" : 1399.9500000000028,
	"offline_solution_computation_time_in_seconds" : 1.4414567,
	"offline_solution_task_sequence" : 
	[
		0,
		1,
		58,
		2,
		59,
		3,
		4,
		6,
		7,
		9,
		8,
		10,
		13,
		11,
		12,
		5,
		16,
		18,
		17,
		20,
		22,
		19,
		21,
		23,
		15,
		14,
		60,
		61,
		62,
		63,
		24,
		27,
		26,
		28,
		31,
		29,
		32,
		30,
		34,
		35,
		25,
		37,
		39,
		41,
		38,
		36,
		40,
		42,
		43,
		44,
		33,
		45,
		64,
		66,
		46,
		65,
		47,
		48,
		49,
		67,
		68,
		51,
		52,
		53,
		50,
		54,
		56,
		57,
		72,
		55,
		71,
		69,
		70
	],
	"tasks" : 
	[
		{
			"due_date" : 0.0,
			"id" : 0,
			"is_internal" : true,
			"processing_time" : 0.0,
			"release_time" : 0.0,
			"tardiness_weight" : 0.0
		},
		{
			"due_date" : 5.4900000000000002,
			"id" : 1,
			"is_internal" : true,
			"processing_time" : 2.9399999999999999,
			"release_time" : 0.38,
			"tardiness_weight" : 4.0
		},
		{
			"due_date" : 11.449999999999999,
			"id" : 2,
			"is_internal" : true,
			"processing_time" : 2.73,
			"release_time" : 7.9199999999999999,
			"tardiness_weight" : 4.0
		},
		{
			"due_date" : 22.460000000000001,
			"id" : 3,
			"is_internal" : true,
			"processing_time" : 2.2400000000000002,
			"release_time" : 20.030000000000001,
			"tardiness_weight" : 3.0
		},
		{
			"due_date" : 31.109999999999999,
			"id" : 4,
			"is_internal" : true,
			"processing_time" : 3.27,
			"release_time" : 27.010000000000002,
			"tardiness_weight" : 4.0
		},
		{
			"due_date" : 31.140000000000001,
			"id" : 5,
			"is_internal" : true,
			"processing_time" : 2.4500000000000002,
			"release_time" : 28.16,
			"tardiness_weight" : 4.0
		},
		{
			"due_date" : 34.009999999999998,
			"id" : 6,
			"is_internal" : true,
			"processing_time" : 3.8100000000000001,
			"release_time" : 28.73,
			"tardiness_weight" : 4.0
		},
		{
			"due_date" : 36.659999999999997,
			"id" : 7,
			"is_internal" : true,
			"processing_time" : 2.6299999999999999,
			"release_time" : 32.079999999999998,
			"tardiness_weight" : 3.0
		},
		{
			"due_date" : 38.859999999999999,
			"id" : 8,
			"is_internal" : true,
			"processing_time" : 2.9300000000000002,
			"release_time" : 35.009999999999998,
			"tardiness_weight" : 4.0
		},
		{
			"due_date" : 40.090000000000003,
			"id" : 9,
			"is_internal" : true,
			"processing_time" : 2.5299999999999998,
			"release_time" : 35.07,
			"tardiness_weight" : 4.0
		},
		{
			"due_date" : 44.390000000000001,
			"id" : 10,
			"is_internal" : true,
			"processing_time" : 2.8500000000000001,
			"release_time" : 40.700000000000003,
			"tardiness_weight" : 4.0
		},
		{
			"due_date" : 46.490000000000002,
			"id" : 11,
			"is_internal" : true,
			"processing_time" : 2.5899999999999999,
			"release_time" : 43.829999999999998,
			"tardiness_weight" : 4.0
		},
		{
			"due_date" : 46.490000000000002,
			"id" : 12,
			"is_internal" : true,
			"processing_time" : 2.8700000000000001,
			"release_time" : 42.490000000000002,
			"tardiness_weight" : 4.0
		},
		{
			"due_date" : 47.789999999999999,
			"id" : 13,
			"is_internal" : true,
			"processing_time" : 2.27,
			"release_time" : 44.710000000000001,
			"tardiness_weight" : 4.0
		},
		{
			"due_date" : 54.439999999999998,
			"id" : 14,
			"is_internal" : true,
			"processing_time" : 3.8900000000000001,
			"release_time" : 50.0,
			"tardiness_weight" : 3.0
		},
		{
			"due_date" : 58.57,
			"id" : 15,
			"is_internal" : true,
			"processing_time" : 3.5299999999999998,
			"release_time" : 52.799999999999997,
			"tardiness_weight" : 3.0
		},
		{
			"due_date" : 60.469999999999999,
			"id" : 16,
			"is_internal" : true,
			"processing_time" : 3.29,
			"release_time" : 57.090000000000003,
			"tardiness_weight" : 3.0
		},
		{
			"due_date" : 62.840000000000003,
			"id" : 17,
			"is_internal" : true,
			"processing_time" : 3.5,
			"release_time" : 58.700000000000003,
			"tardiness_weight" : 3.0
		},
		{
			"due_date" : 65.650000000000006,
			"id" : 18,
			"is_internal" : true,
			"processing_time" : 2.6699999999999999,
			"release_time" : 61.640000000000001,
			"tardiness_weight" : 4.0
		},
		{
			"due_date" : 70.909999999999997,
			"id" : 19,
			"is_internal" : true,
			"processing_time" : 2.8100000000000001,
			"release_time" : 65.090000000000003,
			"tardiness_weight" : 4.0
		},
		{
			"due_date" : 73.280000000000001,
			"id" : 20,
			"is_internal" : true,
			"processing_time" : 3.0800000000000001,
			"release_time" : 68.719999999999999,
			"tardiness_weight" : 3.0
		},
		{
			"due_date" : 75.959999999999994,
			"id" : 21,
			"is_internal" : true,
			"processing_time" : 2.1699999999999999,
			"release_time" : 73.700000000000003,
			"tardiness_weight" : 3.0
		},
		{
			"due_date" : 77.140000000000001,
			"id" : 22,
			"is_internal" : true,
			"processing_time" : 3.23,
			"release_time" : 72.049999999999997,
			"tardiness_weight" : 4.0
		},
		{
			"due_date" : 87.049999999999997,
			"id" : 23,
			"is_internal" : true,
			"processing_time" : 2.0600000000000001,
			"release_time" : 81.959999999999994,
			"tardiness_weight" : 4.0
		},
		{
			"due_date" : 107.09999999999999,
			"id" : 24,
			"is_internal" : true,
			"processing_time" : 3.4100000000000001,
			"release_time" : 103.54000000000001,
			"tardiness_weight" : 3.0
		},
		{
			"due_date" : 112.12,
			"id" : 25,
			"is_internal" : true,
			"processing_time" : 2.6600000000000001,
			"release_time" : 106.93000000000001,
			"tardiness_weight" : 3.0
		},
		{
			"due_date" : 112.64,
			"id" : 26,
			"is_internal" : true,
			"processing_time" : 3.7599999999999998,
			"release_time" : 107.45999999999999,
			"tardiness_weight" : 3.0
		},
		{
			"due_date" : 113.69,
			"id" : 27,
			"is_internal" : true,
			"processing_time" : 2.25,
			"release_time" : 109.76000000000001,
			"tardiness_weight" : 4.0
		},
		{
			"due_date" : 122.48,
			"id" : 28,
			"is_internal" : true,
			"processing_time" : 3.6000000000000001,
			"release_time" : 116.81999999999999,
			"tardiness_weight" : 4.0
		},
		{
			"due_date" : 122.48,
			"id" : 29,
			"is_internal" : true,
			"processing_time" : 3.5699999999999998,
			"release_time" : 118.36,
			"tardiness_weight" : 4.0
		},
		{
			"due_date" : 123.31,
			"id" : 30,
			"is_internal" : true,
			"processing_time" : 2.9100000000000001,
			"release_time" : 119.28,
			"tardiness_weight" : 4.0
		},
		{
			"due_date" : 125.73999999999999,
			"id" : 31,
			"is_internal" : true,
			"processing_time" : 2.6000000000000001,
			"release_time" : 119.84999999999999,
			"tardiness_weight" : 3.0
		},
		{
			"due_date" : 127.34,
			"id" : 32,
			"is_internal" : true,
			"processing_time" : 2.23,
			"release_time" : 124.98,
			"tardiness_weight" : 4.0
		},
		{
			"due_date" : 132.25999999999999,
			"id" : 33,
			"is_internal" : true,
			"processing_time" : 3.04,
			"release_time" : 128.33000000000001,
			"tardiness_weight" : 3.0
		},
		{
			"due_date" : 134.12,
			"id" : 34,
			"is_internal" : true,
			"processing_time" : 2.4100000000000001,
			"release_time" : 128.13999999999999,
			"tardiness_weight" : 3.0
		},
		{
			"due_date" : 138.63999999999999,
			"id" : 35,
			"is_internal" : true,
			"processing_time" : 2.29,
			"release_time" : 135.5,
			"tardiness_weight" : 4.0
		},
		{
			"due_date" : 139.28,
			"id" : 36,
			"is_internal" : true,
			"processing_time" : 3.7200000000000002,
			"release_time" : 134.63999999999999,
			"tardiness_weight" : 4.0
		},
		{
			"due_date" : 143.81999999999999,
			"id" : 37,
			"is_internal" : true,
			"processing_time" : 2.5699999999999998,
			"release_time" : 140.97999999999999,
			"tardiness_weight" : 4.0
		},
		{
			"due_date" : 144.99000000000001,
			"id" : 38,
			"is_internal" : true,
			"processing_time" : 2.4199999999999999,
			"release_time" : 142.25,
			"tardiness_weight" : 4.0
		},
		{
			"due_date" : 149.02000000000001,
			"id" : 39,
			"is_internal" : true,
			"processing_time" : 2.3300000000000001,
			"release_time" : 144.44,
			"tardiness_weight" : 3.0
		},
		{
			"due_date" : 151.84999999999999,
			"id" : 40,
			"is_internal" : true,
			"processing_time" : 3.8599999999999999,
			"release_time" : 145.91,
			"tardiness_weight" : 4.0
		},
		{
			"due_date" : 152.21000000000001,
			"id" : 41,
			"is_internal" : true,
			"processing_time" : 2.1699999999999999,
			"release_time" : 147.47,
			"tardiness_weight" : 3.0
		},
		{
			"due_date" : 164.66,
			"id" : 42,
			"is_internal" : true,
			"processing_time" : 2.27,
			"release_time" : 159.13,
			"tardiness_weight" : 3.0
		},
		{
			"due_date" : 170.56999999999999,
			"id" : 43,
			"is_internal" : true,
			"processing_time" : 3.8700000000000001,
			"release_time" : 165.66999999999999,
			"tardiness_weight" : 3.0
		},
		{
			"due_date" : 174.66999999999999,
			"id" : 44,
			"is_internal" : true,
			"processing_time" : 3.6299999999999999,
			"release_time" : 170.47999999999999,
			"tardiness_weight" : 4.0
		},
		{
			"due_date" : 176.12,
			"id" : 45,
			"is_internal" : true,
			"processing_time" : 3.79,
			"release_time" : 170.96000000000001,
			"tardiness_weight" : 4.0
		},
		{
			"due_date" : 191.28,
			"id" : 46,
			"is_internal" : true,
			"processing_time" : 3.96,
			"release_time" : 186.97,
			"tardiness_weight" : 4.0
		},
		{
			"due_date" : 199.58000000000001,
			"id" : 47,
			"is_internal" : true,
			"processing_time" : 3.4700000000000002,
			"release_time" : 195.22999999999999,
			"tardiness_weight" : 4.0
		},
		{
			"due_date" : 205.75999999999999,
			"id" : 48,
			"is_internal" : true,
			"processing_time" : 3.27,
			"release_time" : 201.44,
			"tardiness_weight" : 4.0
		},
		{
			"due_date" : 209.31999999999999,
			"id" : 49,
			"is_internal" : true,
			"processing_time" : 3.8300000000000001,
			"release_time" : 204.97999999999999,
			"tardiness_weight" : 4.0
		},
		{
			"due_date" : 214.00999999999999,
			"id" : 50,
			"is_internal" : true,
			"processing_time" : 2.0499999999999998,
			"release_time" : 211.62,
			"tardiness_weight" : 3.0
		},
		{
			"due_date" : 215.72999999999999,
			"id" : 51,
			"is_internal" : true,
			"processing_time" : 2.7400000000000002,
			"release_time" : 211.87,
			"tardiness_weight" : 4.0
		},
		{
			"due_date" : 219.27000000000001,
			"id" : 52,
			"is_internal" : true,
			"processing_time" : 3.1800000000000002,
			"release_time" : 214.25,
			"tardiness_weight" : 3.0
		},
		{
			"due_date" : 220.22,
			"id" : 53,
			"is_internal" : true,
			"processing_time" : 3.27,
			"release_time" : 216.61000000000001,
			"tardiness_weight" : 4.0
		},
		{
			"due_date" : 225.25,
			"id" : 54,
			"is_internal" : true,
			"processing_time" : 3.1800000000000002,
			"release_time" : 221.68000000000001,
			"tardiness_weight" : 4.0
		},
		{
			"due_date" : 228.43000000000001,
			"id" : 55,
			"is_internal" : true,
			"processing_time" : 3.4900000000000002,
			"release_time" : 223.63,
			"tardiness_weight" : 3.0
		},
		{
			"due_date" : 235.56,
			"id" : 56,
			"is_internal" : true,
			"processing_time" : 3.8399999999999999,
			"release_time" : 231.58000000000001,
			"tardiness_weight" : 3.0
		},
		{
			"due_date" : 235.78999999999999,
			"id" : 57,
			"is_internal" : true,
			"processing_time" : 2.6499999999999999,
			"release_time" : 232.53,
			"tardiness_weight" : 4.0
		},
		{
			"due_date" : 4.7300000000000004,
			"id" : 58,
			"is_internal" : false,
			"processing_time" : 2.0,
			"release_time" : 2.73,
			"tardiness_weight" : 1.0
		},
		{
			"due_date" : 19.170000000000002,
			"id" : 59,
			"is_internal" : false,
			"processing_time" : 2.0,
			"release_time" : 17.170000000000002,
			"tardiness_weight" : 1.0
		},
		{
			"due_date" : 77.930000000000007,
			"id" : 60,
			"is_internal" : false,
			"processing_time" : 2.0,
			"release_time" : 75.930000000000007,
			"tardiness_weight" : 1.0
		},
		{
			"due_date" : 95.560000000000002,
			"id" : 61,
			"is_internal" : false,
			"processing_time" : 2.0,
			"release_time" : 93.560000000000002,
			"tardiness_weight" : 1.0
		},
		{
			"due_date" : 100.22,
			"id" : 62,
			"is_internal" : false,
			"processing_time" : 2.0,
			"release_time" : 98.219999999999999,
			"tardiness_weight" : 1.0
		},
		{
			"due_date" : 103.28,
			"id" : 63,
			"is_internal" : false,
			"processing_time" : 2.0,
			"release_time" : 101.28,
			"tardiness_weight" : 1.0
		},
		{
			"due_date" : 140.88999999999999,
			"id" : 64,
			"is_internal" : false,
			"processing_time" : 2.0,
			"release_time" : 138.88999999999999,
			"tardiness_weight" : 1.0
		},
		{
			"due_date" : 176.91999999999999,
			"id" : 65,
			"is_internal" : false,
			"processing_time" : 2.0,
			"release_time" : 174.91999999999999,
			"tardiness_weight" : 1.0
		},
		{
			"due_date" : 181.30000000000001,
			"id" : 66,
			"is_internal" : false,
			"processing_time" : 2.0,
			"release_time" : 179.30000000000001,
			"tardiness_weight" : 1.0
		},
		{
			"due_date" : 207.11000000000001,
			"id" : 67,
			"is_internal" : false,
			"processing_time" : 2.0,
			"release_time" : 205.11000000000001,
			"tardiness_weight" : 1.0
		},
		{
			"due_date" : 208.16,
			"id" : 68,
			"is_internal" : false,
			"processing_time" : 2.0,
			"release_time" : 206.16,
			"tardiness_weight" : 1.0
		},
		{
			"due_date" : 219.44999999999999,
			"id" : 69,
			"is_internal" : false,
			"processing_time" : 2.0,
			"release_time" : 217.44999999999999,
			"tardiness_weight" : 1.0
		},
		{
			"due_date" : 228.65000000000001,
			"id" : 70,
			"is_internal" : false,
			"processing_time" : 2.0,
			"release_time" : 226.65000000000001,
			"tardiness_weight" : 1.0
		},
		{
			"due_date" : 236.03999999999999,
			"id" : 71,
			"is_internal" : false,
			"processing_time" : 2.0,
			"release_time" : 234.03999999999999,
			"tardiness_weight" : 1.0
		},
		{
			"due_date" : 240.5,
			"id" : 72,
			"is_internal" : false,
			"processing_time" : 2.0,
			"release_time" : 238.5,
			"tardiness_weight" : 1.0
		}
	],
	"time_adjacency_matrix" : 
	[
		[
			0.0,
			1.29,
			0.63,
			0.63,
			2.4299999999999997,
			0.98999999999999988,
			1.77,
			1.6500000000000001,
			2.3699999999999997,
			2.1299999999999999,
			2.3099999999999996,
			1.4099999999999999,
			1.29,
			1.8300000000000001,
			1.77,
			1.5900000000000001,
			0.80999999999999994,
			2.0099999999999998,
			2.0099999999999998,
			1.1700000000000002,
			2.25,
			1.1700000000000002,
			2.25,
			0.98999999999999988,
			1.8899999999999999,
			0.27000000000000002,
			1.29,
			2.0099999999999998,
			1.95,
			1.29,
			0.74999999999999989,
			1.5900000000000001,
			1.4099999999999999,
			0.39000000000000001,
			0.92999999999999994,
			0.32999999999999996,
			1.77,
			0.92999999999999994,
			1.8300000000000001,
			0.80999999999999994,
			2.4299999999999997,
			1.3500000000000001,
			1.6500000000000001,
			1.8899999999999999,
			1.6500000000000001,
			0.14999999999999999,
			1.3500000000000001,
			2.3099999999999996,
			0.39000000000000001,
			0.0,
			2.4299999999999997,
			0.27000000000000002,
			1.05,
			2.0699999999999998,
			1.53,
			0.27000000000000002,
			1.29,
			1.53,
			2.0699999999999998,
			0.44999999999999996,
			1.77,
			2.4299999999999997,
			0.51000000000000001,
			0.20999999999999999,
			0.98999999999999988,
			2.0099999999999998,
			1.3500000000000001,
			0.0,
			0.51000000000000001,
			0.51000000000000001,
			2.3099999999999996,
			0.20999999999999999,
			1.77
		],
		[
			1.29,
			0.0,
			0.74999999999999989,
			0.74999999999999989,
			1.23,
			0.39000000000000001,
			0.56999999999999995,
			0.44999999999999996,
			1.1700000000000002,
			0.92999999999999994,
			1.1100000000000001,
			0.20999999999999999,
			0.0,
			0.63,
			0.56999999999999995,
			0.39000000000000001,
			0.56999999999999995,
			0.80999999999999994,
			0.80999999999999994,
			0.20999999999999999,
			1.05,
			0.20999999999999999,
			1.05,
			0.39000000000000001,
			0.68999999999999995,
			1.1100000000000001,
			0.0,
			0.80999999999999994,
			0.74999999999999989,
			0.0,
			0.63,
			0.39000000000000001,
			0.20999999999999999,
			0.98999999999999988,
			0.44999999999999996,
			1.05,
			0.56999999999999995,
			0.44999999999999996,
			0.63,
			0.56999999999999995,
			1.23,
			0.14999999999999999,
			0.44999999999999996,
			0.68999999999999995,
			0.44999999999999996,
			1.23,
			0.14999999999999999,
			1.1100000000000001,
			0.98999999999999988,
			1.29,
			1.23,
			1.1100000000000001,
			0.32999999999999996,
			0.87,
			0.32999999999999996,
			1.1100000000000001,
			0.0,
			0.32999999999999996,
			0.87,
			0.92999999999999994,
			0.56999999999999995,
			1.23,
			0.87,
			1.1700000000000002,
			0.39000000000000001,
			0.80999999999999994,
			0.14999999999999999,
			1.29,
			0.87,
			0.87,
			1.1100000000000001,
			1.1700000000000002,
			0.56999999999999995
		],
		[
			0.63,
			0.74999999999999989,
			0.0,
			0.0,
			1.8899999999999999,
			0.44999999999999996,
			1.23,
			1.1100000000000001,
			1.8300000000000001,
			1.5900000000000001,
			1.77,
			0.87,
			0.74999999999999989,
			1.29,
			1.23,
			1.05,
			0.27000000000000002,
			1.47,
			1.47,
			0.63,
			1.71,
			0.63,
			1.71,
			0.44999999999999996,
			1.3500000000000001,
			0.44999999999999996,
			0.74999999999999989,
			1.47,
			1.4099999999999999,
			0.74999999999999989,
			0.20999999999999999,
			1.05,
			0.87,
			0.32999999999999996,
			0.39000000000000001,
			0.39000000000000001,
			1.23,
			0.39000000000000001,
			1.29,
			0.27000000000000002,
			1.8899999999999999,
			0.80999999999999994,
			1.1100000000000001,
			1.3500000000000001,
			1.1100000000000001,
			0.56999999999999995,
			0.80999999999999994,
			1.77,
			0.32999999999999996,
			0.63,
			1.8899999999999999,
			0.44999999999999996,
			0.51000000000000001,
			1.53,
			0.98999999999999988,
			0.44999999999999996,
			0.74999999999999989,
			0.98999999999999988,
			1.53,
			0.27000000000000002,
			1.23,
			1.8899999999999999,
			0.20999999999999999,
			0.51000000000000001,
			0.44999999999999996,
			1.47,
			0.80999999999999994,
			0.63,
			0.20999999999999999,
			0.20999999999999999,
			1.77,
			0.51000000000000001,
			1.23
		],
		[
			0.63,
			0.74999999999999989,
			0.0,
			0.0,
			1.8899999999999999,
			0.44999999999999996,
			1.23,
			1.1100000000000001,
			1.8300000000000001,
			1.5900000000000001,
			1.77,
			0.87,
			0.74999999999999989,
			1.29,
			1.23,
			1.05,
			0.27000000000000002,
			1.47,
			1.47,
			0.63,
			1.71,
			0.63,
			1.71,
			0.44999999999999996,
			1.3500000000000001,
			0.44999999999999996,
			0.74999999999999989,
			1.47,
			1.4099999999999999,
			0.74999999999999989,
			0.20999999999999999,
			1.05,
			0.87,
			0.32999999999999996,
			0.39000000000000001,
			0.39000000000000001,
			1.23,
			0.39000000000000001,
			1.29,
			0.27000000000000002,
			1.8899999999999999,
			0.80999999999999994,
			1.1100000000000001,
			1.3500000000000001,
			1.1100000000000001,
			0.56999999999999995,
			0.80999999999999994,
			1.77,
			0.32999999999999996,
			0.63,
			1.8899999999999999,
			0.44999999999999996,
			0.51000000000000001,
			1.53,
			0.98999999999999988,
			0.44999999999999996,
			0.74999999999999989,
			0.98999999999999988,
			1.53,
			0.27000000000000002,
			1.23,
			1.8899999999999999,
			0.20999999999999999,
			0.51000000000000001,
			0.44999999999999996,
			1.47,
			0.80999999999999994,
			0.63,
			0.20999999999999999,
			0.20999999999999999,
			1.77,
			0.51000000000000001,
			1.23
		],
		[
			2.4299999999999997,
			1.23,
			1.8899999999999999,
			1.8899999999999999,
			0.0,
			1.53,
			0.74999999999999989,
			0.87,
			0.14999999999999999,
			0.39000000000000001,
			0.20999999999999999,
			1.1100000000000001,
			1.23,
			0.68999999999999995,
			0.74999999999999989,
			0.92999999999999994,
			1.71,
			0.51000000000000001,
			0.51000000000000001,
			1.3500000000000001,
			0.27000000000000002,
			1.3500000000000001,
			0.27000000000000002,
			1.53,
			0.63,
			2.25,
			1.23,
			0.51000000000000001,
			0.56999999999999995,
			1.23,
			1.77,
			0.92999999999999994,
			1.1100000000000001,
			2.1299999999999999,
			1.5900000000000001,
			2.1899999999999999,
			0.74999999999999989,
			1.5900000000000001,
			0.68999999999999995,
			1.71,
			0.0,
			1.1700000000000002,
			0.87,
			0.63,
			0.87,
			2.3699999999999997,
			1.1700000000000002,
			0.20999999999999999,
			2.1299999999999999,
			2.4299999999999997,
			0.0,
			2.25,
			1.47,
			0.44999999999999996,
			0.98999999999999988,
			2.25,
			1.23,
			0.98999999999999988,
			0.44999999999999996,
			2.0699999999999998,
			0.74999999999999989,
			0.0,
			2.0099999999999998,
			2.3099999999999996,
			1.53,
			0.51000000000000001,
			1.1700000000000002,
			2.4299999999999997,
			2.0099999999999998,
			2.0099999999999998,
			0.20999999999999999,
			2.3099999999999996,
			0.74999999999999989
		],
		[
			0.98999999999999988,
			0.39000000000000001,
			0.44999999999999996,
			0.44999999999999996,
			1.53,
			0.0,
			0.87,
			0.74999999999999989,
			1.47,
			1.23,
			1.4099999999999999,
			0.51000000000000001,
			0.39000000000000001,
			0.92999999999999994,
			0.87,
			0.68999999999999995,
			0.27000000000000002,
			1.1100000000000001,
			1.1100000000000001,
			0.27000000000000002,
			1.3500000000000001,
			0.27000000000000002,
			1.3500000000000001,
			0.0,
			0.98999999999999988,
			0.80999999999999994,
			0.39000000000000001,
			1.1100000000000001,
			1.05,
			0.39000000000000001,
			0.32999999999999996,
			0.68999999999999995,
			0.51000000000000001,
			0.68999999999999995,
			0.14999999999999999,
			0.74999999999999989,
			0.87,
			0.14999999999999999,
			0.92999999999999994,
			0.27000000000000002,
			1.53,
			0.44999999999999996,
			0.74999999999999989,
			0.98999999999999988,
			0.74999999999999989,
			0.92999999999999994,
			0.44999999999999996,
			1.4099999999999999,
			0.68999999999999995,
			0.98999999999999988,
			1.53,
			0.80999999999999994,
			0.14999999999999999,
			1.1700000000000002,
			0.63,
			0.80999999999999994,
			0.39000000000000001,
			0.63,
			1.1700000000000002,
			0.63,
			0.87,
			1.53,
			0.56999999999999995,
			0.87,
			0.0,
			1.1100000000000001,
			0.44999999999999996,
			0.98999999999999988,
			0.56999999999999995,
			0.56999999999999995,
			1.4099999999999999,
			0.87,
			0.87
		],
		[
			1.77,
			0.56999999999999995,
			1.23,
			1.23,
			0.74999999999999989,
			0.87,
			0.0,
			0.20999999999999999,
			0.68999999999999995,
			0.44999999999999996,
			0.63,
			0.44999999999999996,
			0.56999999999999995,
			0.14999999999999999,
			0.0,
			0.27000000000000002,
			1.05,
			0.32999999999999996,
			0.32999999999999996,
			0.68999999999999995,
			0.56999999999999995,
			0.68999999999999995,
			0.56999999999999995,
			0.87,
			0.20999999999999999,
			1.5900000000000001,
			0.56999999999999995,
			0.32999999999999996,
			0.27000000000000002,
			0.56999999999999995,
			1.1100000000000001,
			0.27000000000000002,
			0.44999999999999996,
			1.47,
			0.92999999999999994,
			1.53,
			0.0,
			0.92999999999999994,
			0.14999999999999999,
			1.05,
			0.74999999999999989,
			0.51000000000000001,
			0.20999999999999999,
			0.20999999999999999,
			0.20999999999999999,
			1.71,
			0.51000000000000001,
			0.63,
			1.47,
			1.77,
			0.74999999999999989,
			1.5900000000000001,
			0.80999999999999994,
			0.39000000000000001,
			0.32999999999999996,
			1.5900000000000001,
			0.56999999999999995,
			0.32999999999999996,
			0.39000000000000001,
			1.4099999999999999,
			0.0,
			0.74999999999999989,
			1.3500000000000001,
			1.6500000000000001,
			0.87,
			0.32999999999999996,
			0.51000000000000001,
			1.77,
			1.3500000000000001,
			1.3500000000000001,
			0.63,
			1.6500000000000001,
			0.0
		],
		[
			1.6500000000000001,
			0.44999999999999996,
			1.1100000000000001,
			1.1100000000000001,
			0.87,
			0.74999999999999989,
			0.20999999999999999,
			0.0,
			0.80999999999999994,
			0.56999999999999995,
			0.74999999999999989,
			0.32999999999999996,
			0.44999999999999996,
			0.27000000000000002,
			0.20999999999999999,
			0.14999999999999999,
			0.92999999999999994,
			0.44999999999999996,
			0.44999999999999996,
			0.56999999999999995,
			0.68999999999999995,
			0.56999999999999995,
			0.68999999999999995,
			0.74999999999999989,
			0.32999999999999996,
			1.47,
			0.44999999999999996,
			0.44999999999999996,
			0.39000000000000001,
			0.44999999999999996,
			0.98999999999999988,
			0.14999999999999999,
			0.32999999999999996,
			1.3500000000000001,
			0.80999999999999994,
			1.4099999999999999,
			0.20999999999999999,
			0.80999999999999994,
			0.27000000000000002,
			0.92999999999999994,
			0.87,
			0.39000000000000001,
			0.0,
			0.32999999999999996,
			0.0,
			1.5900000000000001,
			0.39000000000000001,
			0.74999999999999989,
			1.3500000000000001,
			1.6500000000000001,
			0.87,
			1.47,
			0.68999999999999995,
			0.51000000000000001,
			0.20999999999999999,
			1.47,
			0.44999999999999996,
			0.20999999999999999,
			0.51000000000000001,
			1.29,
			0.20999999999999999,
			0.87,
			1.23,
			1.53,
			0.74999999999999989,
			0.44999999999999996,
			0.39000000000000001,
			1.6500000000000001,
			1.23,
			1.23,
			0.74999999999999989,
			1.53,
			0.20999999999999999
		],
		[
			2.3699999999999997,
			1.1700000000000002,
			1.8300000000000001,
			1.8300000000000001,
			0.14999999999999999,
			1.47,
			0.68999999999999995,
			0.80999999999999994,
			0.0,
			0.32999999999999996,
			0.14999999999999999,
			1.05,
			1.1700000000000002,
			0.63,
			0.68999999999999995,
			0.87,
			1.6500000000000001,
			0.44999999999999996,
			0.44999999999999996,
			1.29,
			0.20999999999999999,
			1.29,
			0.20999999999999999,
			1.47,
			0.56999999999999995,
			2.1899999999999999,
			1.1700000000000002,
			0.44999999999999996,
			0.51000000000000001,
			1.1700000000000002,
			1.71,
			0.87,
			1.05,
			2.0699999999999998,
			1.53,
			2.1299999999999999,
			0.68999999999999995,
			1.53,
			0.63,
			1.6500000000000001,
			0.14999999999999999,
			1.1100000000000001,
			0.80999999999999994,
			0.56999999999999995,
			0.80999999999999994,
			2.3099999999999996,
			1.1100000000000001,
			0.14999999999999999,
			2.0699999999999998,
			2.3699999999999997,
			0.14999999999999999,
			2.1899999999999999,
			1.4099999999999999,
			0.39000000000000001,
			0.92999999999999994,
			2.1899999999999999,
			1.1700000000000002,
			0.92999999999999994,
			0.39000000000000001,
			2.0099999999999998,
			0.68999999999999995,
			0.14999999999999999,
			1.95,
			2.25,
			1.47,
			0.44999999999999996,
			1.1100000000000001,
			2.3699999999999997,
			1.95,
			1.95,
			0.14999999999999999,
			2.25,
			0.68999999999999995
		],
		[
			2.1299999999999999,
			0.92999999999999994,
			1.5900000000000001,
			1.5900000000000001,
			0.39000000000000001,
			1.23,
			0.44999999999999996,
			0.56999999999999995,
			0.32999999999999996,
			0.0,
			0.27000000000000002,
			0.80999999999999994,
			0.92999999999999994,
			0.39000000000000001,
			0.44999999999999996,
			0.63,
			1.4099999999999999,
			0.20999999999999999,
			0.20999999999999999,
			1.05,
			0.20999999999999999,
			1.05,
			0.20999999999999999,
			1.23,
			0.32999999999999996,
			1.95,
			0.92999999999999994,
			0.20999999999999999,
			0.27000000000000002,
			0.92999999999999994,
			1.47,
			0.63,
			0.80999999999999994,
			1.8300000000000001,
			1.29,
			1.8899999999999999,
			0.44999999999999996,
			1.29,
			0.39000000000000001,
			1.4099999999999999,
			0.39000000000000001,
			0.87,
			0.56999999999999995,
			0.32999999999999996,
			0.56999999999999995,
			2.0699999999999998,
			0.87,
			0.27000000000000002,
			1.8300000000000001,
			2.1299999999999999,
			0.39000000000000001,
			1.95,
			1.1700000000000002,
			0.14999999999999999,
			0.68999999999999995,
			1.95,
			0.92999999999999994,
			0.68999999999999995,
			0.14999999999999999,
			1.77,
			0.44999999999999996,
			0.39000000000000001,
			1.71,
			2.0099999999999998,
			1.23,
			0.20999999999999999,
			0.87,
			2.1299999999999999,
			1.71,
			1.71,
			0.27000000000000002,
			2.0099999999999998,
			0.44999999999999996
		],
		[
			2.3099999999999996,
			1.1100000000000001,
			1.77,
			1.77,
			0.20999999999999999,
			1.4099999999999999,
			0.63,
			0.74999999999999989,
			0.14999999999999999,
			0.27000000000000002,
			0.0,
			0.98999999999999988,
			1.1100000000000001,
			0.56999999999999995,
			0.63,
			0.80999999999999994,
			1.5900000000000001,
			0.39000000000000001,
			0.39000000000000001,
			1.23,
			0.14999999999999999,
			1.23,
			0.14999999999999999,
			1.4099999999999999,
			0.51000000000000001,
			2.1299999999999999,
			1.1100000000000001,
			0.39000000000000001,
			0.44999999999999996,
			1.1100000000000001,
			1.6500000000000001,
			0.80999999999999994,
			0.98999999999999988,
			2.0099999999999998,
			1.47,
			2.0699999999999998,
			0.63,
			1.47,
			0.56999999999999995,
			1.5900000000000001,
			0.20999999999999999,
			1.05,
			0.74999999999999989,
			0.51000000000000001,
			0.74999999999999989,
			2.25,
			1.05,
			0.0,
			2.0099999999999998,
			2.3099999999999996,
			0.20999999999999999,
			2.1299999999999999,
			1.3500000000000001,
			0.32999999999999996,
			0.87,
			2.1299999999999999,
			1.1100000000000001,
			0.87,
			0.32999999999999996,
			1.95,
			0.63,
			0.20999999999999999,
			1.8899999999999999,
			2.1899999999999999,
			1.4099999999999999,
			0.39000000000000001,
			1.05,
			2.3099999999999996,
			1.8899999999999999,
			1.8899999999999999,
			0.0,
			2.1899999999999999,
			0.63
		],
		[
			1.4099999999999999,
			0.20999999999999999,
			0.87,
			0.87,
			1.1100000000000001,
			0.51000000000000001,
			0.44999999999999996,
			0.32999999999999996,
			1.05,
			0.80999999999999994,
			0.98999999999999988,
			0.0,
			0.20999999999999999,
			0.51000000000000001,
			0.44999999999999996,
			0.27000000000000002,
			0.68999999999999995,
			0.68999999999999995,
			0.68999999999999995,
			0.32999999999999996,
			0.92999999999999994,
			0.32999999999999996,
			0.92999999999999994,
			0.51000000000000001,
			0.56999999999999995,
			1.23,
			0.20999999999999999,
			0.68999999999999995,
			0.63,
			0.20999999999999999,
			0.74999999999999989,
			0.27000000000000002,
			0.0,
			1.1100000000000001,
			0.56999999999999995,
			1.1700000000000002,
			0.44999999999999996,
			0.56999999999999995,
			0.51000000000000001,
			0.68999999999999995,
			1.1100000000000001,
			0.14999999999999999,
			0.32999999999999996,
			0.56999999999999995,
			0.32999999999999996,
			1.3500000000000001,
			0.14999999999999999,
			0.98999999999999988,
			1.1100000000000001,
			1.4099999999999999,
			1.1100000000000001,
			1.23,
			0.44999999999999996,
			0.74999999999999989,
			0.20999999999999999,
			1.23,
			0.20999999999999999,
			0.20999999999999999,
			0.74999999999999989,
			1.05,
			0.44999999999999996,
			1.1100000000000001,
			0.98999999999999988,
			1.29,
			0.51000000000000001,
			0.68999999999999995,
			0.14999999999999999,
			1.4099999999999999,
			0.98999999999999988,
			0.98999999999999988,
			0.98999999999999988,
			1.29,
			0.44999999999999996
		],
		[
			1.29,
			0.0,
			0.74999999999999989,
			0.74999999999999989,
			1.23,
			0.39000000000000001,
			0.56999999999999995,
			0.44999999999999996,
			1.1700000000000002,
			0.92999999999999994,
			1.1100000000000001,
			0.20999999999999999,
			0.0,
			0.63,
			0.56999999999999995,
			0.39000000000000001,
			0.56999999999999995,
			0.80999999999999994,
			0.80999999999999994,
			0.20999999999999999,
			1.05,
			0.20999999999999999,
			1.05,
			0.39000000000000001,
			0.68999999999999995,
			1.1100000000000001,
			0.0,
			0.80999999999999994,
			0.74999999999999989,
			0.0,
			0.63,
			0.39000000000000001,
			0.20999999999999999,
			0.98999999999999988,
			0.44999999999999996,
			1.05,
			0.56999999999999995,
			0.44999999999999996,
			0.63,
			0.56999999999999995,
			1.23,
			0.14999999999999999,
			0.44999999999999996,
			0.68999999999999995,
			0.44999999999999996,
			1.23,
			0.14999999999999999,
			1.1100000000000001,
			0.98999999999999988,
			1.29,
			1.23,
			1.1100000000000001,
			0.32999999999999996,
			0.87,
			0.32999999999999996,
			1.1100000000000001,
			0.0,
			0.32999999999999996,
			0.87,
			0.92999999999999994,
			0.56999999999999995,
			1.23,
			0.87,
			1.1700000000000002,
			0.39000000000000001,
			0.80999999999999994,
			0.14999999999999999,
			1.29,
			0.87,
			0.87,
			1.1100000000000001,
			1.1700000000000002,
			0.56999999999999995
		],
		[
			1.8300000000000001,
			0.63,
			1.29,
			1.29,
			0.68999999999999995,
			0.92999999999999994,
			0.14999999999999999,
			0.27000000000000002,
			0.63,
			0.39000000000000001,
			0.56999999999999995,
			0.51000000000000001,
			0.63,
			0.0,
			0.14999999999999999,
			0.32999999999999996,
			1.1100000000000001,
			0.27000000000000002,
			0.27000000000000002,
			0.74999999999999989,
			0.51000000000000001,
			0.74999999999999989,
			0.51000000000000001,
			0.92999999999999994,
			0.14999999999999999,
			1.6500000000000001,
			0.63,
			0.27000000000000002,
			0.20999999999999999,
			0.63,
			1.1700000000000002,
			0.32999999999999996,
			0.51000000000000001,
			1.53,
			0.98999999999999988,
			1.5900000000000001,
			0.14999999999999999,
			0.98999999999999988,
			0.0,
			1.1100000000000001,
			0.68999999999999995,
			0.56999999999999995,
			0.27000000000000002,
			0.14999999999999999,
			0.27000000000000002,
			1.77,
			0.56999999999999995,
			0.56999999999999995,
			1.53,
			1.8300000000000001,
			0.68999999999999995,
			1.6500000000000001,
			0.87,
			0.32999999999999996,
			0.39000000000000001,
			1.6500000000000001,
			0.63,
			0.39000000000000001,
			0.32999999999999996,
			1.47,
			0.14999999999999999,
			0.68999999999999995,
			1.4099999999999999,
			1.71,
			0.92999999999999994,
			0.27000000000000002,
			0.56999999999999995,
			1.8300000000000001,
			1.4099999999999999,
			1.4099999999999999,
			0.56999999999999995,
			1.71,
			0.14999999999999999
		],
		[
			1.77,
			0.56999999999999995,
			1.23,
			1.23,
			0.74999999999999989,
			0.87,
			0.0,
			0.20999999999999999,
			0.68999999999999995,
			0.44999999999999996,
			0.63,
			0.44999999999999996,
			0.56999999999999995,
			0.14999999999999999,
			0.0,
			0.27000000000000002,
			1.05,
			0.32999999999999996,
			0.32999999999999996,
			0.68999999999999995,
			0.56999999999999995,
			0.68999999999999995,
			0.56999999999999995,
			0.87,
			0.20999999999999999,
			1.5900000000000001,
			0.56999999999999995,
			0.32999999999999996,
			0.27000000000000002,
			0.56999999999999995,
			1.1100000000000001,
			0.27000000000000002,
			0.44999999999999996,
			1.47,
			0.92999999999999994,
			1.53,
			0.0,
			0.92999999999999994,
			0.14999999999999999,
			1.05,
			0.74999999999999989,
			0.51000000000000001,
			0.20999999999999999,
			0.20999999999999999,
			0.20999999999999999,
			1.71,
			0.51000000000000001,
			0.63,
			1.47,
			1.77,
			0.74999999999999989,
			1.5900000000000001,
			0.80999999999999994,
			0.39000000000000001,
			0.32999999999999996,
			1.5900000000000001,
			0.56999999999999995,
			0.32999999999999996,
			0.39000000000000001,
			1.4099999999999999,
			0.0,
			0.74999999999999989,
			1.3500000000000001,
			1.6500000000000001,
			0.87,
			0.32999999999999996,
			0.51000000000000001,
			1.77,
			1.3500000000000001,
			1.3500000000000001,
			0.63,
			1.6500000000000001,
			0.0
		],
		[
			1.5900000000000001,
			0.39000000000000001,
			1.05,
			1.05,
			0.92999999999999994,
			0.68999999999999995,
			0.27000000000000002,
			0.14999999999999999,
			0.87,
			0.63,
			0.80999999999999994,
			0.27000000000000002,
			0.39000000000000001,
			0.32999999999999996,
			0.27000000000000002,
			0.0,
			0.87,
			0.51000000000000001,
			0.51000000000000001,
			0.51000000000000001,
			0.74999999999999989,
			0.51000000000000001,
			0.74999999999999989,
			0.68999999999999995,
			0.39000000000000001,
			1.4099999999999999,
			0.39000000000000001,
			0.51000000000000001,
			0.44999999999999996,
			0.39000000000000001,
			0.92999999999999994,
			0.0,
			0.27000000000000002,
			1.29,
			0.74999999999999989,
			1.3500000000000001,
			0.27000000000000002,
			0.74999999999999989,
			0.32999999999999996,
			0.87,
			0.92999999999999994,
			0.32999999999999996,
			0.14999999999999999,
			0.39000000000000001,
			0.14999999999999999,
			1.53,
			0.32999999999999996,
			0.80999999999999994,
			1.29,
			1.5900000000000001,
			0.92999999999999994,
			1.4099999999999999,
			0.63,
			0.56999999999999995,
			0.14999999999999999,
			1.4099999999999999,
			0.39000000000000001,
			0.14999999999999999,
			0.56999999999999995,
			1.23,
			0.27000000000000002,
			0.92999999999999994,
			1.1700000000000002,
			1.47,
			0.68999999999999995,
			0.51000000000000001,
			0.32999999999999996,
			1.5900000000000001,
			1.1700000000000002,
			1.1700000000000002,
			0.80999999999999994,
			1.47,
			0.27000000000000002
		],
		[
			0.80999999999999994,
			0.56999999999999995,
			0.27000000000000002,
			0.27000000000000002,
			1.71,
			0.27000000000000002,
			1.05,
			0.92999999999999994,
			1.6500000000000001,
			1.4099999999999999,
			1.5900000000000001,
			0.68999999999999995,
			0.56999999999999995,
			1.1100000000000001,
			1.05,
			0.87,
			0.0,
			1.29,
			1.29,
			0.44999999999999996,
			1.53,
			0.44999999999999996,
			1.53,
			0.27000000000000002,
			1.1700000000000002,
			0.63,
			0.56999999999999995,
			1.29,
			1.23,
			0.56999999999999995,
			0.14999999999999999,
			0.87,
			0.68999999999999995,
			0.51000000000000001,
			0.20999999999999999,
			0.56999999999999995,
			1.05,
			0.20999999999999999,
			1.1100000000000001,
			0.0,
			1.71,
			0.63,
			0.92999999999999994,
			1.1700000000000002,
			0.92999999999999994,
			0.74999999999999989,
			0.63,
			1.5900000000000001,
			0.51000000000000001,
			0.80999999999999994,
			1.71,
			0.63,
			0.32999999999999996,
			1.3500000000000001,
			0.80999999999999994,
			0.63,
			0.56999999999999995,
			0.80999999999999994,
			1.3500000000000001,
			0.44999999999999996,
			1.05,
			1.71,
			0.39000000000000001,
			0.68999999999999995,
			0.27000000000000002,
			1.29,
			0.63,
			0.80999999999999994,
			0.39000000000000001,
			0.39000000000000001,
			1.5900000000000001,
			0.68999999999999995,
			1.05
		],
		[
			2.0099999999999998,
			0.80999999999999994,
			1.47,
			1.47,
			0.51000000000000001,
			1.1100000000000001,
			0.32999999999999996,
			0.44999999999999996,
			0.44999999999999996,
			0.20999999999999999,
			0.39000000000000001,
			0.68999999999999995,
			0.80999999999999994,
			0.27000000000000002,
			0.32999999999999996,
			0.51000000000000001,
			1.29,
			0.0,
			0.0,
			0.92999999999999994,
			0.32999999999999996,
			0.92999999999999994,
			0.32999999999999996,
			1.1100000000000001,
			0.20999999999999999,
			1.8300000000000001,
			0.80999999999999994,
			0.0,
			0.14999999999999999,
			0.80999999999999994,
			1.3500000000000001,
			0.51000000000000001,
			0.68999999999999995,
			1.71,
			1.1700000000000002,
			1.77,
			0.32999999999999996,
			1.1700000000000002,
			0.27000000000000002,
			1.29,
			0.51000000000000001,
			0.74999999999999989,
			0.44999999999999996,
			0.20999999999999999,
			0.44999999999999996,
			1.95,
			0.74999999999999989,
			0.39000000000000001,
			1.71,
			2.0099999999999998,
			0.51000000000000001,
			1.8300000000000001,
			1.05,
			0.14999999999999999,
			0.56999999999999995,
			1.8300000000000001,
			0.80999999999999994,
			0.56999999999999995,
			0.14999999999999999,
			1.6500000000000001,
			0.32999999999999996,
			0.51000000000000001,
			1.5900000000000001,
			1.8899999999999999,
			1.1100000000000001,
			0.0,
			0.74999999999999989,
			2.0099999999999998,
			1.5900000000000001,
			1.5900000000000001,
			0.39000000000000001,
			1.8899999999999999,
			0.32999999999999996
		],
		[
			2.0099999999999998,
			0.80999999999999994,
			1.47,
			1.47,
			0.51000000000000001,
			1.1100000000000001,
			0.32999999999999996,
