{
	"instance_setting" : 
	{
		"average_number_of_tasks_executed_by_yc_per_hour" : 18,
		"external_task_ratio" : 0.20000000000000001,
		"instance_id" : 26,
		"number_of_external_tasks" : 15,
		"number_of_internal_tasks" : 57,
		"number_of_tasks" : 72,
		"planning_window_length_in_hours" : 4.0
	},
	"offline_optimal" : 1303.3299999999992,
	"offline_solution_computation_time_in_seconds" : 1.4054002000000001,
	"offline_solution_task_sequence" : 
	[
		0,
		1,
		4,
		2,
		3,
		5,
		6,
		7,
		58,
		9,
		8,
		59,
		11,
		10,
		12,
		14,
		17,
		16,
		20,
		13,
		21,
		22,
		18,
		23,
		19,
		24,
		15,
		61,
		60,
		26,
		25,
		27,
		28,
		62,
		29,
		30,
		31,
		63,
		64,
		65,
		32,
		66,
		34,
		33,
		35,
		36,
		38,
		40,
		39,
		37,
		42,
		44,
		41,
		45,
		46,
		47,
		43,
		49,
		50,
		48,
		68,
		52,
		51,
		69,
		70,
		53,
		55,
		56,
		54,
		57,
		72,
		71,
		67
	],
	"tasks" : 
	[
		{
			"due_date" : 0.0,
			"id" : 0,
			"is_internal" : true,
			"processing_time" : 0.0,
			"release_time" : 0.0,
			"tardiness_weight" : 0.0
		},
		{
			"due_date" : 3.3500000000000001,
			"id" : 1,
			"is_internal" : true,
			"processing_time" : 3.98,
			"release_time" : 0.0,
			"tardiness_weight" : 4.0
		},
		{
			"due_date" : 5.7199999999999998,
			"id" : 2,
			"is_internal" : true,
			"processing_time" : 3.52,
			"release_time" : 0.16,
			"tardiness_weight" : 3.0
		},
		{
			"due_date" : 6.46,
			"id" : 3,
			"is_internal" : true,
			"processing_time" : 3.8300000000000001,
			"release_time" : 1.5800000000000001,
			"tardiness_weight" : 4.0
		},
		{
			"due_date" : 7.8200000000000003,
			"id" : 4,
			"is_internal" : true,
			"processing_time" : 2.3999999999999999,
			"release_time" : 1.8799999999999999,
			"tardiness_weight" : 3.0
		},
		{
			"due_date" : 20.640000000000001,
			"id" : 5,
			"is_internal" : true,
			"processing_time" : 3.7799999999999998,
			"release_time" : 15.48,
			"tardiness_weight" : 3.0
		},
		{
			"due_date" : 25.420000000000002,
			"id" : 6,
			"is_internal" : true,
			"processing_time" : 3.8799999999999999,
			"release_time" : 20.719999999999999,
			"tardiness_weight" : 3.0
		},
		{
			"due_date" : 26.34,
			"id" : 7,
			"is_internal" : true,
			"processing_time" : 3.7599999999999998,
			"release_time" : 22.539999999999999,
			"tardiness_weight" : 4.0
		},
		{
			"due_date" : 35.340000000000003,
			"id" : 8,
			"is_internal" : true,
			"processing_time" : 2.8500000000000001,
			"release_time" : 31.149999999999999,
			"tardiness_weight" : 4.0
		},
		{
			"due_date" : 37.32,
			"id" : 9,
			"is_internal" : true,
			"processing_time" : 3.5299999999999998,
			"release_time" : 32.479999999999997,
			"tardiness_weight" : 4.0
		},
		{
			"due_date" : 40.25,
			"id" : 10,
			"is_internal" : true,
			"processing_time" : 3.98,
			"release_time" : 36.159999999999997,
			"tardiness_weight" : 4.0
		},
		{
			"due_date" : 46.189999999999998,
			"id" : 11,
			"is_internal" : true,
			"processing_time" : 2.0499999999999998,
			"release_time" : 41.68,
			"tardiness_weight" : 4.0
		},
		{
			"due_date" : 50.240000000000002,
			"id" : 12,
			"is_internal" : true,
			"processing_time" : 2.71,
			"release_time" : 45.950000000000003,
			"tardiness_weight" : 3.0
		},
		{
			"due_date" : 51.200000000000003,
			"id" : 13,
			"is_internal" : true,
			"processing_time" : 2.8700000000000001,
			"release_time" : 47.090000000000003,
			"tardiness_weight" : 3.0
		},
		{
			"due_date" : 51.579999999999998,
			"id" : 14,
			"is_internal" : true,
			"processing_time" : 3.1400000000000001,
			"release_time" : 46.740000000000002,
			"tardiness_weight" : 4.0
		},
		{
			"due_date" : 54.530000000000001,
			"id" : 15,
			"is_internal" : true,
			"processing_time" : 3.9199999999999999,
			"release_time" : 50.100000000000001,
			"tardiness_weight" : 3.0
		},
		{
			"due_date" : 56.619999999999997,
			"id" : 16,
			"is_internal" : true,
			"processing_time" : 2.3199999999999998,
			"release_time" : 53.780000000000001,
			"tardiness_weight" : 4.0
		},
		{
			"due_date" : 57.299999999999997,
			"id" : 17,
			"is_internal" : true,
			"processing_time" : 3.23,
			"release_time" : 53.770000000000003,
			"tardiness_weight" : 4.0
		},
		{
			"due_date" : 57.869999999999997,
			"id" : 18,
			"is_internal" : true,
			"processing_time" : 3.6699999999999999,
			"release_time" : 52.899999999999999,
			"tardiness_weight" : 3.0
		},
		{
			"due_date" : 63.07,
			"id" : 19,
			"is_internal" : true,
			"processing_time" : 2.4900000000000002,
			"release_time" : 59.130000000000003,
			"tardiness_weight" : 4.0
		},
		{
			"due_date" : 63.600000000000001,
			"id" : 20,
			"is_internal" : true,
			"processing_time" : 3.3900000000000001,
			"release_time" : 60.049999999999997,
			"tardiness_weight" : 4.0
		},
		{
			"due_date" : 74.579999999999998,
			"id" : 21,
			"is_internal" : true,
			"processing_time" : 3.29,
			"release_time" : 68.730000000000004,
			"tardiness_weight" : 4.0
		},
		{
			"due_date" : 77.950000000000003,
			"id" : 22,
			"is_internal" : true,
			"processing_time" : 2.2599999999999998,
			"release_time" : 73.180000000000007,
			"tardiness_weight" : 3.0
		},
		{
			"due_date" : 82.689999999999998,
			"id" : 23,
			"is_internal" : true,
			"processing_time" : 2.1400000000000001,
			"release_time" : 78.140000000000001,
			"tardiness_weight" : 3.0
		},
		{
			"due_date" : 87.540000000000006,
			"id" : 24,
			"is_internal" : true,
			"processing_time" : 2.02,
			"release_time" : 83.120000000000005,
			"tardiness_weight" : 3.0
		},
		{
			"due_date" : 104.56,
			"id" : 25,
			"is_internal" : true,
			"processing_time" : 2.8599999999999999,
			"release_time" : 100.65000000000001,
			"tardiness_weight" : 3.0
		},
		{
			"due_date" : 104.61,
			"id" : 26,
			"is_internal" : true,
			"processing_time" : 3.48,
			"release_time" : 100.66,
			"tardiness_weight" : 3.0
		},
		{
			"due_date" : 109.90000000000001,
			"id" : 27,
			"is_internal" : true,
			"processing_time" : 2.79,
			"release_time" : 104.76000000000001,
			"tardiness_weight" : 3.0
		},
		{
			"due_date" : 122.65000000000001,
			"id" : 28,
			"is_internal" : true,
			"processing_time" : 3.1499999999999999,
			"release_time" : 118.76000000000001,
			"tardiness_weight" : 3.0
		},
		{
			"due_date" : 125.04000000000001,
			"id" : 29,
			"is_internal" : true,
			"processing_time" : 2.2599999999999998,
			"release_time" : 122.05,
			"tardiness_weight" : 3.0
		},
		{
			"due_date" : 130.09999999999999,
			"id" : 30,
			"is_internal" : true,
			"processing_time" : 2.23,
			"release_time" : 126.18000000000001,
			"tardiness_weight" : 3.0
		},
		{
			"due_date" : 135.66,
			"id" : 31,
			"is_internal" : true,
			"processing_time" : 3.1400000000000001,
			"release_time" : 130.15000000000001,
			"tardiness_weight" : 4.0
		},
		{
			"due_date" : 147.03,
			"id" : 32,
			"is_internal" : true,
			"processing_time" : 2.9700000000000002,
			"release_time" : 142.59,
			"tardiness_weight" : 4.0
		},
		{
			"due_date" : 153.56,
			"id" : 33,
			"is_internal" : true,
			"processing_time" : 2.3100000000000001,
			"release_time" : 148.71000000000001,
			"tardiness_weight" : 3.0
		},
		{
			"due_date" : 154.03,
			"id" : 34,
			"is_internal" : true,
			"processing_time" : 3.1200000000000001,
			"release_time" : 149.22999999999999,
			"tardiness_weight" : 4.0
		},
		{
			"due_date" : 155.52000000000001,
			"id" : 35,
			"is_internal" : true,
			"processing_time" : 3.71,
			"release_time" : 151.61000000000001,
			"tardiness_weight" : 4.0
		},
		{
			"due_date" : 159.03999999999999,
			"id" : 36,
			"is_internal" : true,
			"processing_time" : 3.0699999999999998,
			"release_time" : 153.25999999999999,
			"tardiness_weight" : 4.0
		},
		{
			"due_date" : 165.00999999999999,
			"id" : 37,
			"is_internal" : true,
			"processing_time" : 2.54,
			"release_time" : 161.69,
			"tardiness_weight" : 4.0
		},
		{
			"due_date" : 167.75999999999999,
			"id" : 38,
			"is_internal" : true,
			"processing_time" : 3.6200000000000001,
			"release_time" : 161.84999999999999,
			"tardiness_weight" : 4.0
		},
		{
			"due_date" : 168.02000000000001,
			"id" : 39,
			"is_internal" : true,
			"processing_time" : 3.1800000000000002,
			"release_time" : 164.47,
			"tardiness_weight" : 4.0
		},
		{
			"due_date" : 171.91999999999999,
			"id" : 40,
			"is_internal" : true,
			"processing_time" : 2.7200000000000002,
			"release_time" : 168.30000000000001,
			"tardiness_weight" : 4.0
		},
		{
			"due_date" : 176.65000000000001,
			"id" : 41,
			"is_internal" : true,
			"processing_time" : 2.2000000000000002,
			"release_time" : 171.69,
			"tardiness_weight" : 4.0
		},
		{
			"due_date" : 178.09999999999999,
			"id" : 42,
			"is_internal" : true,
			"processing_time" : 2.5899999999999999,
			"release_time" : 172.74000000000001,
			"tardiness_weight" : 4.0
		},
		{
			"due_date" : 184.87,
			"id" : 43,
			"is_internal" : true,
			"processing_time" : 3.5800000000000001,
			"release_time" : 179.78,
			"tardiness_weight" : 3.0
		},
		{
			"due_date" : 185.28,
			"id" : 44,
			"is_internal" : true,
			"processing_time" : 2.3199999999999998,
			"release_time" : 180.78,
			"tardiness_weight" : 4.0
		},
		{
			"due_date" : 185.28999999999999,
			"id" : 45,
			"is_internal" : true,
			"processing_time" : 2.0800000000000001,
			"release_time" : 181.09999999999999,
			"tardiness_weight" : 3.0
		},
		{
			"due_date" : 191.38,
			"id" : 46,
			"is_internal" : true,
			"processing_time" : 2.5,
			"release_time" : 188.33000000000001,
			"tardiness_weight" : 4.0
		},
		{
			"due_date" : 192.88,
			"id" : 47,
			"is_internal" : true,
			"processing_time" : 2.4300000000000002,
			"release_time" : 189.81999999999999,
			"tardiness_weight" : 3.0
		},
		{
			"due_date" : 205.18000000000001,
			"id" : 48,
			"is_internal" : true,
			"processing_time" : 3.4199999999999999,
			"release_time" : 201.72999999999999,
			"tardiness_weight" : 3.0
		},
		{
			"due_date" : 206.40000000000001,
			"id" : 49,
			"is_internal" : true,
			"processing_time" : 3.5299999999999998,
			"release_time" : 200.88999999999999,
			"tardiness_weight" : 4.0
		},
		{
			"due_date" : 206.84,
			"id" : 50,
			"is_internal" : true,
			"processing_time" : 2.4700000000000002,
			"release_time" : 203.08000000000001,
			"tardiness_weight" : 3.0
		},
		{
			"due_date" : 216.72999999999999,
			"id" : 51,
			"is_internal" : true,
			"processing_time" : 2.6299999999999999,
			"release_time" : 213.74000000000001,
			"tardiness_weight" : 4.0
		},
		{
			"due_date" : 216.83000000000001,
			"id" : 52,
			"is_internal" : true,
			"processing_time" : 2.5600000000000001,
			"release_time" : 212.16,
			"tardiness_weight" : 3.0
		},
		{
			"due_date" : 228.03999999999999,
			"id" : 53,
			"is_internal" : true,
			"processing_time" : 3.8199999999999998,
			"release_time" : 222.49000000000001,
			"tardiness_weight" : 3.0
		},
		{
			"due_date" : 229.28,
			"id" : 54,
			"is_internal" : true,
			"processing_time" : 3.8900000000000001,
			"release_time" : 224.49000000000001,
			"tardiness_weight" : 3.0
		},
		{
			"due_date" : 231.47,
			"id" : 55,
			"is_internal" : true,
			"processing_time" : 2.5299999999999998,
			"release_time" : 227.27000000000001,
			"tardiness_weight" : 3.0
		},
		{
			"due_date" : 234.37,
			"id" : 56,
			"is_internal" : true,
			"processing_time" : 3.3999999999999999,
			"release_time" : 230.94,
			"tardiness_weight" : 3.0
		},
		{
			"due_date" : 239.5,
			"id" : 57,
			"is_internal" : true,
			"processing_time" : 2.6800000000000002,
			"release_time" : 236.05000000000001,
			"tardiness_weight" : 3.0
		},
		{
			"due_date" : 21.23,
			"id" : 58,
			"is_internal" : false,
			"processing_time" : 2.0,
			"release_time" : 19.23,
			"tardiness_weight" : 1.0
		},
		{
			"due_date" : 32.370000000000005,
			"id" : 59,
			"is_internal" : false,
			"processing_time" : 2.0,
			"release_time" : 30.370000000000001,
			"tardiness_weight" : 1.0
		},
		{
			"due_date" : 38.649999999999999,
			"id" : 60,
			"is_internal" : false,
			"processing_time" : 2.0,
			"release_time" : 36.649999999999999,
			"tardiness_weight" : 1.0
		},
		{
			"due_date" : 66.730000000000004,
			"id" : 61,
			"is_internal" : false,
			"processing_time" : 2.0,
			"release_time" : 64.730000000000004,
			"tardiness_weight" : 1.0
		},
		{
			"due_date" : 123.89,
			"id" : 62,
			"is_internal" : false,
			"processing_time" : 2.0,
			"release_time" : 121.89,
			"tardiness_weight" : 1.0
		},
		{
			"due_date" : 136.96000000000001,
			"id" : 63,
			"is_internal" : false,
			"processing_time" : 2.0,
			"release_time" : 134.96000000000001,
			"tardiness_weight" : 1.0
		},
		{
			"due_date" : 137.11000000000001,
			"id" : 64,
			"is_internal" : false,
			"processing_time" : 2.0,
			"release_time" : 135.11000000000001,
			"tardiness_weight" : 1.0
		},
		{
			"due_date" : 141.81,
			"id" : 65,
			"is_internal" : false,
			"processing_time" : 2.0,
			"release_time" : 139.81,
			"tardiness_weight" : 1.0
		},
		{
			"due_date" : 143.19999999999999,
			"id" : 66,
			"is_internal" : false,
			"processing_time" : 2.0,
			"release_time" : 141.19999999999999,
			"tardiness_weight" : 1.0
		},
		{
			"due_date" : 160.69,
			"id" : 67,
			"is_internal" : false,
			"processing_time" : 2.0,
			"release_time" : 158.69,
			"tardiness_weight" : 1.0
		},
		{
			"due_date" : 181.53999999999999,
			"id" : 68,
			"is_internal" : false,
			"processing_time" : 2.0,
			"release_time" : 179.53999999999999,
			"tardiness_weight" : 1.0
		},
		{
			"due_date" : 202.90000000000001,
			"id" : 69,
			"is_internal" : false,
			"processing_time" : 2.0,
			"release_time" : 200.90000000000001,
			"tardiness_weight" : 1.0
		},
		{
			"due_date" : 205.65000000000001,
			"id" : 70,
			"is_internal" : false,
			"processing_time" : 2.0,
			"release_time" : 203.65000000000001,
			"tardiness_weight" : 1.0
		},
		{
			"due_date" : 217.72,
			"id" : 71,
			"is_internal" : false,
			"processing_time" : 2.0,
			"release_time" : 215.72,
			"tardiness_weight" : 1.0
		},
		{
			"due_date" : 240.63999999999999,
			"id" : 72,
			"is_internal" : false,
			"processing_time" : 2.0,
			"release_time" : 238.63999999999999,
			"tardiness_weight" : 1.0
		}
	],
	"time_adjacency_matrix" : 
	[
		[
			0.0,
			2.0699999999999998,
			0.92999999999999994,
			0.68999999999999995,
			1.1100000000000001,
			0.51000000000000001,
			0.56999999999999995,
			0.92999999999999994,
			0.92999999999999994,
			0.14999999999999999,
			2.3699999999999997,
			2.1899999999999999,
			2.4299999999999997,
			0.74999999999999989,
			0.98999999999999988,
			1.8899999999999999,
			0.32999999999999996,
			0.92999999999999994,
			1.05,
			2.0099999999999998,
			0.63,
			0.44999999999999996,
			0.98999999999999988,
			1.5900000000000001,
			2.0699999999999998,
			0.80999999999999994,
			1.8300000000000001,
			1.1100000000000001,
			0.63,
			1.53,
			0.32999999999999996,
			0.51000000000000001,
			0.63,
			0.44999999999999996,
			0.44999999999999996,
			0.80999999999999994,
			2.1299999999999999,
			0.27000000000000002,
			1.4099999999999999,
			0.74999999999999989,
			1.5900000000000001,
			2.4299999999999997,
			1.23,
			0.68999999999999995,
			1.3500000000000001,
			2.25,
			1.05,
			0.98999999999999988,
			1.4099999999999999,
			0.68999999999999995,
			1.23,
			0.92999999999999994,
			0.74999999999999989,
			0.27000000000000002,
			0.56999999999999995,
			0.44999999999999996,
			0.51000000000000001,
			1.1100000000000001,
			0.27000000000000002,
			0.87,
			2.25,
			1.95,
			0.51000000000000001,
			1.71,
			2.0099999999999998,
			0.87,
			0.0,
			0.0,
			1.4099999999999999,
			0.98999999999999988,
			0.14999999999999999,
			2.0699999999999998,
			1.5900000000000001
		],
		[
			2.0699999999999998,
			0.0,
			1.23,
			1.47,
			1.05,
			1.6500000000000001,
			1.5900000000000001,
			1.23,
			1.23,
			2.0099999999999998,
			0.39000000000000001,
			0.20999999999999999,
			0.44999999999999996,
			1.4099999999999999,
			1.1700000000000002,
			0.27000000000000002,
			1.8300000000000001,
			1.23,
			1.1100000000000001,
			0.14999999999999999,
			1.53,
			1.71,
			1.1700000000000002,
			0.56999999999999995,
			0.0,
			1.3500000000000001,
			0.32999999999999996,
			1.05,
			1.53,
			0.63,
			1.8300000000000001,
			1.6500000000000001,
			1.53,
			1.71,
			1.71,
			1.3500000000000001,
			0.14999999999999999,
			1.8899999999999999,
			0.74999999999999989,
			1.4099999999999999,
			0.56999999999999995,
			0.44999999999999996,
			0.92999999999999994,
			1.47,
			0.80999999999999994,
			0.27000000000000002,
			1.1100000000000001,
			1.1700000000000002,
			0.74999999999999989,
			1.47,
			0.92999999999999994,
			1.23,
			1.4099999999999999,
			1.8899999999999999,
			1.5900000000000001,
			1.71,
			1.6500000000000001,
			1.05,
			1.8899999999999999,
			1.29,
			0.27000000000000002,
			0.20999999999999999,
			1.6500000000000001,
			0.44999999999999996,
			0.14999999999999999,
			1.29,
			2.0699999999999998,
			2.0699999999999998,
			0.74999999999999989,
			1.1700000000000002,
			2.0099999999999998,
			0.0,
			0.56999999999999995
		],
		[
			0.92999999999999994,
			1.23,
			0.0,
			0.32999999999999996,
			0.27000000000000002,
			0.51000000000000001,
			0.44999999999999996,
			0.0,
			0.0,
			0.87,
			1.53,
			1.3500000000000001,
			1.5900000000000001,
			0.27000000000000002,
			0.14999999999999999,
			1.05,
			0.68999999999999995,
			0.0,
			0.20999999999999999,
			1.1700000000000002,
			0.39000000000000001,
			0.56999999999999995,
			0.14999999999999999,
			0.74999999999999989,
			1.23,
			0.20999999999999999,
			0.98999999999999988,
			0.27000000000000002,
			0.39000000000000001,
			0.68999999999999995,
			0.68999999999999995,
			0.51000000000000001,
			0.39000000000000001,
			0.56999999999999995,
			0.56999999999999995,
			0.20999999999999999,
			1.29,
			0.74999999999999989,
			0.56999999999999995,
			0.27000000000000002,
			0.74999999999999989,
			1.5900000000000001,
			0.39000000000000001,
			0.32999999999999996,
			0.51000000000000001,
			1.4099999999999999,
			0.20999999999999999,
			0.14999999999999999,
			0.56999999999999995,
			0.32999999999999996,
			0.39000000000000001,
			0.0,
			0.27000000000000002,
			0.74999999999999989,
			0.44999999999999996,
			0.56999999999999995,
			0.51000000000000001,
			0.27000000000000002,
			0.74999999999999989,
			0.14999999999999999,
			1.4099999999999999,
			1.1100000000000001,
			0.51000000000000001,
			0.87,
			1.1700000000000002,
			0.14999999999999999,
			0.92999999999999994,
			0.92999999999999994,
			0.56999999999999995,
			0.14999999999999999,
			0.87,
			1.23,
			0.74999999999999989
		],
		[
			0.68999999999999995,
			1.47,
			0.32999999999999996,
			0.0,
			0.51000000000000001,
			0.27000000000000002,
			0.20999999999999999,
			0.32999999999999996,
			0.32999999999999996,
			0.63,
			1.77,
			1.5900000000000001,
			1.8300000000000001,
			0.14999999999999999,
			0.39000000000000001,
			1.29,
			0.44999999999999996,
			0.32999999999999996,
			0.44999999999999996,
			1.4099999999999999,
			0.14999999999999999,
			0.32999999999999996,
			0.39000000000000001,
			0.98999999999999988,
			1.47,
			0.20999999999999999,
			1.23,
			0.51000000000000001,
			0.14999999999999999,
			0.92999999999999994,
			0.44999999999999996,
			0.27000000000000002,
			0.14999999999999999,
			0.32999999999999996,
			0.32999999999999996,
			0.20999999999999999,
			1.53,
			0.51000000000000001,
			0.80999999999999994,
			0.14999999999999999,
			0.98999999999999988,
			1.8300000000000001,
			0.63,
			0.0,
			0.74999999999999989,
			1.6500000000000001,
			0.44999999999999996,
			0.39000000000000001,
			0.80999999999999994,
			0.0,
			0.63,
			0.32999999999999996,
			0.14999999999999999,
			0.51000000000000001,
			0.20999999999999999,
			0.32999999999999996,
			0.27000000000000002,
			0.51000000000000001,
			0.51000000000000001,
			0.27000000000000002,
			1.6500000000000001,
			1.3500000000000001,
			0.27000000000000002,
			1.1100000000000001,
			1.4099999999999999,
			0.27000000000000002,
			0.68999999999999995,
			0.68999999999999995,
			0.80999999999999994,
			0.39000000000000001,
			0.63,
			1.47,
			0.98999999999999988
		],
		[
			1.1100000000000001,
			1.05,
			0.27000000000000002,
			0.51000000000000001,
			0.0,
			0.68999999999999995,
			0.63,
			0.27000000000000002,
			0.27000000000000002,
			1.05,
			1.3500000000000001,
			1.1700000000000002,
			1.4099999999999999,
			0.44999999999999996,
			0.20999999999999999,
			0.87,
			0.87,
			0.27000000000000002,
			0.14999999999999999,
			0.98999999999999988,
			0.56999999999999995,
			0.74999999999999989,
			0.20999999999999999,
			0.56999999999999995,
			1.05,
			0.39000000000000001,
			0.80999999999999994,
			0.0,
			0.56999999999999995,
			0.51000000000000001,
			0.87,
			0.68999999999999995,
			0.56999999999999995,
			0.74999999999999989,
			0.74999999999999989,
			0.39000000000000001,
			1.1100000000000001,
			0.92999999999999994,
			0.39000000000000001,
			0.44999999999999996,
			0.56999999999999995,
			1.4099999999999999,
			0.20999999999999999,
			0.51000000000000001,
			0.32999999999999996,
			1.23,
			0.14999999999999999,
			0.20999999999999999,
			0.39000000000000001,
			0.51000000000000001,
			0.20999999999999999,
			0.27000000000000002,
			0.44999999999999996,
			0.92999999999999994,
			0.63,
			0.74999999999999989,
			0.68999999999999995,
			0.0,
			0.92999999999999994,
			0.32999999999999996,
			1.23,
			0.92999999999999994,
			0.68999999999999995,
			0.68999999999999995,
			0.98999999999999988,
			0.32999999999999996,
			1.1100000000000001,
			1.1100000000000001,
			0.39000000000000001,
			0.20999999999999999,
			1.05,
			1.05,
			0.56999999999999995
		],
		[
			0.51000000000000001,
			1.6500000000000001,
			0.51000000000000001,
			0.27000000000000002,
			0.68999999999999995,
			0.0,
			0.14999999999999999,
			0.51000000000000001,
			0.51000000000000001,
			0.44999999999999996,
			1.95,
			1.77,
			2.0099999999999998,
			0.32999999999999996,
			0.56999999999999995,
			1.47,
			0.27000000000000002,
			0.51000000000000001,
			0.63,
			1.5900000000000001,
			0.20999999999999999,
			0.14999999999999999,
			0.56999999999999995,
			1.1700000000000002,
			1.6500000000000001,
			0.39000000000000001,
			1.4099999999999999,
			0.68999999999999995,
			0.20999999999999999,
			1.1100000000000001,
			0.27000000000000002,
			0.0,
			0.20999999999999999,
			0.14999999999999999,
			0.14999999999999999,
			0.39000000000000001,
			1.71,
			0.32999999999999996,
			0.98999999999999988,
			0.32999999999999996,
			1.1700000000000002,
			2.0099999999999998,
			0.80999999999999994,
			0.27000000000000002,
			0.92999999999999994,
			1.8300000000000001,
			0.63,
			0.56999999999999995,
			0.98999999999999988,
			0.27000000000000002,
			0.80999999999999994,
			0.51000000000000001,
			0.32999999999999996,
			0.32999999999999996,
			0.14999999999999999,
			0.14999999999999999,
			0.0,
			0.68999999999999995,
			0.32999999999999996,
			0.44999999999999996,
			1.8300000000000001,
			1.53,
			0.0,
			1.29,
			1.5900000000000001,
			0.44999999999999996,
			0.51000000000000001,
			0.51000000000000001,
			0.98999999999999988,
			0.56999999999999995,
			0.44999999999999996,
			1.6500000000000001,
			1.1700000000000002
		],
		[
			0.56999999999999995,
			1.5900000000000001,
			0.44999999999999996,
			0.20999999999999999,
			0.63,
			0.14999999999999999,
			0.0,
			0.44999999999999996,
			0.44999999999999996,
			0.51000000000000001,
			1.8899999999999999,
			1.71,
			1.95,
			0.27000000000000002,
			0.51000000000000001,
			1.4099999999999999,
			0.32999999999999996,
			0.44999999999999996,
			0.56999999999999995,
			1.53,
			0.14999999999999999,
			0.20999999999999999,
			0.51000000000000001,
			1.1100000000000001,
			1.5900000000000001,
			0.32999999999999996,
			1.3500000000000001,
			0.63,
			0.14999999999999999,
			1.05,
			0.32999999999999996,
			0.14999999999999999,
			0.14999999999999999,
			0.20999999999999999,
			0.20999999999999999,
			0.32999999999999996,
			1.6500000000000001,
			0.39000000000000001,
			0.92999999999999994,
			0.27000000000000002,
			1.1100000000000001,
			1.95,
			0.74999999999999989,
			0.20999999999999999,
			0.87,
			1.77,
			0.56999999999999995,
			0.51000000000000001,
			0.92999999999999994,
			0.20999999999999999,
			0.74999999999999989,
			0.44999999999999996,
			0.27000000000000002,
			0.39000000000000001,
			0.0,
			0.20999999999999999,
			0.14999999999999999,
			0.63,
			0.39000000000000001,
			0.39000000000000001,
			1.77,
			1.47,
			0.14999999999999999,
			1.23,
			1.53,
			0.39000000000000001,
			0.56999999999999995,
			0.56999999999999995,
			0.92999999999999994,
			0.51000000000000001,
			0.51000000000000001,
			1.5900000000000001,
			1.1100000000000001
		],
		[
			0.92999999999999994,
			1.23,
			0.0,
			0.32999999999999996,
			0.27000000000000002,
			0.51000000000000001,
			0.44999999999999996,
			0.0,
			0.0,
			0.87,
			1.53,
			1.3500000000000001,
			1.5900000000000001,
			0.27000000000000002,
			0.14999999999999999,
			1.05,
			0.68999999999999995,
			0.0,
			0.20999999999999999,
			1.1700000000000002,
			0.39000000000000001,
			0.56999999999999995,
			0.14999999999999999,
			0.74999999999999989,
			1.23,
			0.20999999999999999,
			0.98999999999999988,
			0.27000000000000002,
			0.39000000000000001,
			0.68999999999999995,
			0.68999999999999995,
			0.51000000000000001,
			0.39000000000000001,
			0.56999999999999995,
			0.56999999999999995,
			0.20999999999999999,
			1.29,
			0.74999999999999989,
			0.56999999999999995,
			0.27000000000000002,
			0.74999999999999989,
			1.5900000000000001,
			0.39000000000000001,
			0.32999999999999996,
			0.51000000000000001,
			1.4099999999999999,
			0.20999999999999999,
			0.14999999999999999,
			0.56999999999999995,
			0.32999999999999996,
			0.39000000000000001,
			0.0,
			0.27000000000000002,
			0.74999999999999989,
			0.44999999999999996,
			0.56999999999999995,
			0.51000000000000001,
			0.27000000000000002,
			0.74999999999999989,
			0.14999999999999999,
			1.4099999999999999,
			1.1100000000000001,
			0.51000000000000001,
			0.87,
			1.1700000000000002,
			0.14999999999999999,
			0.92999999999999994,
			0.92999999999999994,
			0.56999999999999995,
			0.14999999999999999,
			0.87,
			1.23,
			0.74999999999999989
		],
		[
			0.92999999999999994,
			1.23,
			0.0,
			0.32999999999999996,
			0.27000000000000002,
			0.51000000000000001,
			0.44999999999999996,
			0.0,
			0.0,
			0.87,
			1.53,
			1.3500000000000001,
			1.5900000000000001,
			0.27000000000000002,
			0.14999999999999999,
			1.05,
			0.68999999999999995,
			0.0,
			0.20999999999999999,
			1.1700000000000002,
			0.39000000000000001,
			0.56999999999999995,
			0.14999999999999999,
			0.74999999999999989,
			1.23,
			0.20999999999999999,
			0.98999999999999988,
			0.27000000000000002,
			0.39000000000000001,
			0.68999999999999995,
			0.68999999999999995,
			0.51000000000000001,
			0.39000000000000001,
			0.56999999999999995,
			0.56999999999999995,
			0.20999999999999999,
			1.29,
			0.74999999999999989,
			0.56999999999999995,
			0.27000000000000002,
			0.74999999999999989,
			1.5900000000000001,
			0.39000000000000001,
			0.32999999999999996,
			0.51000000000000001,
			1.4099999999999999,
			0.20999999999999999,
			0.14999999999999999,
			0.56999999999999995,
			0.32999999999999996,
			0.39000000000000001,
			0.0,
			0.27000000000000002,
			0.74999999999999989,
			0.44999999999999996,
			0.56999999999999995,
			0.51000000000000001,
			0.27000000000000002,
			0.74999999999999989,
			0.14999999999999999,
			1.4099999999999999,
			1.1100000000000001,
			0.51000000000000001,
			0.87,
			1.1700000000000002,
			0.14999999999999999,
			0.92999999999999994,
			0.92999999999999994,
			0.56999999999999995,
			0.14999999999999999,
			0.87,
			1.23,
			0.74999999999999989
		],
		[
			0.14999999999999999,
			2.0099999999999998,
			0.87,
			0.63,
			1.05,
			0.44999999999999996,
			0.51000000000000001,
			0.87,
			0.87,
			0.0,
			2.3099999999999996,
			2.1299999999999999,
			2.3699999999999997,
			0.68999999999999995,
			0.92999999999999994,
			1.8300000000000001,
			0.27000000000000002,
			0.87,
			0.98999999999999988,
			1.95,
			0.56999999999999995,
			0.39000000000000001,
			0.92999999999999994,
			1.53,
			2.0099999999999998,
			0.74999999999999989,
			1.77,
			1.05,
			0.56999999999999995,
			1.47,
			0.27000000000000002,
			0.44999999999999996,
			0.56999999999999995,
			0.39000000000000001,
			0.39000000000000001,
			0.74999999999999989,
			2.0699999999999998,
			0.20999999999999999,
			1.3500000000000001,
			0.68999999999999995,
			1.53,
			2.3699999999999997,
			1.1700000000000002,
			0.63,
			1.29,
			2.1899999999999999,
			0.98999999999999988,
			0.92999999999999994,
			1.3500000000000001,
			0.63,
			1.1700000000000002,
			0.87,
			0.68999999999999995,
			0.20999999999999999,
			0.51000000000000001,
			0.39000000000000001,
			0.44999999999999996,
			1.05,
			0.20999999999999999,
			0.80999999999999994,
			2.1899999999999999,
			1.8899999999999999,
			0.44999999999999996,
			1.6500000000000001,
			1.95,
			0.80999999999999994,
			0.14999999999999999,
			0.14999999999999999,
			1.3500000000000001,
			0.92999999999999994,
			0.0,
			2.0099999999999998,
			1.53
		],
		[
			2.3699999999999997,
			0.39000000000000001,
			1.53,
			1.77,
			1.3500000000000001,
			1.95,
			1.8899999999999999,
			1.53,
			1.53,
			2.3099999999999996,
			0.0,
			0.27000000000000002,
			0.14999999999999999,
			1.71,
			1.47,
			0.56999999999999995,
			2.1299999999999999,
			1.53,
			1.4099999999999999,
			0.44999999999999996,
			1.8300000000000001,
			2.0099999999999998,
			1.47,
			0.87,
			0.39000000000000001,
			1.6500000000000001,
			0.63,
			1.3500000000000001,
			1.8300000000000001,
			0.92999999999999994,
			2.1299999999999999,
			1.95,
			1.8300000000000001,
			2.0099999999999998,
			2.0099999999999998,
			1.6500000000000001,
			0.32999999999999996,
			2.1899999999999999,
			1.05,
			1.71,
			0.87,
			0.14999999999999999,
			1.23,
			1.77,
			1.1100000000000001,
			0.20999999999999999,
			1.4099999999999999,
			1.47,
			1.05,
			1.77,
			1.23,
			1.53,
			1.71,
			2.1899999999999999,
			1.8899999999999999,
			2.0099999999999998,
			1.95,
			1.3500000000000001,
			2.1899999999999999,
			1.5900000000000001,
			0.20999999999999999,
			0.51000000000000001,
			1.95,
			0.74999999999999989,
			0.44999999999999996,
			1.5900000000000001,
			2.3699999999999997,
			2.3699999999999997,
			1.05,
			1.47,
			2.3099999999999996,
			0.39000000000000001,
			0.87
		],
		[
			2.1899999999999999,
			0.20999999999999999,
			1.3500000000000001,
			1.5900000000000001,
			1.1700000000000002,
			1.77,
			1.71,
			1.3500000000000001,
			1.3500000000000001,
			2.1299999999999999,
			0.27000000000000002,
			0.0,
			0.32999999999999996,
			1.53,
			1.29,
			0.39000000000000001,
			1.95,
			1.3500000000000001,
			1.23,
			0.27000000000000002,
			1.6500000000000001,
			1.8300000000000001,
			1.29,
			0.68999999999999995,
			0.20999999999999999,
			1.47,
			0.44999999999999996,
			1.1700000000000002,
			1.6500000000000001,
			0.74999999999999989,
			1.95,
			1.77,
			1.6500000000000001,
			1.8300000000000001,
			1.8300000000000001,
			1.47,
			0.14999999999999999,
			2.0099999999999998,
			0.87,
			1.53,
			0.68999999999999995,
			0.32999999999999996,
			1.05,
			1.5900000000000001,
			0.92999999999999994,
			0.14999999999999999,
			1.23,
			1.29,
			0.87,
			1.5900000000000001,
			1.05,
			1.3500000000000001,
			1.53,
			2.0099999999999998,
			1.71,
			1.8300000000000001,
			1.77,
			1.1700000000000002,
			2.0099999999999998,
			1.4099999999999999,
			0.14999999999999999,
			0.32999999999999996,
			1.77,
			0.56999999999999995,
			0.27000000000000002,
			1.4099999999999999,
			2.1899999999999999,
			2.1899999999999999,
			0.87,
			1.29,
			2.1299999999999999,
			0.20999999999999999,
			0.68999999999999995
		],
		[
			2.4299999999999997,
			0.44999999999999996,
			1.5900000000000001,
			1.8300000000000001,
			1.4099999999999999,
			2.0099999999999998,
			1.95,
			1.5900000000000001,
			1.5900000000000001,
			2.3699999999999997,
			0.14999999999999999,
			0.32999999999999996,
			0.0,
			1.77,
			1.53,
			0.63,
			2.1899999999999999,
			1.5900000000000001,
			1.47,
			0.51000000000000001,
			1.8899999999999999,
			2.0699999999999998,
			1.53,
			0.92999999999999994,
			0.44999999999999996,
			1.71,
			0.68999999999999995,
			1.4099999999999999,
			1.8899999999999999,
			0.98999999999999988,
			2.1899999999999999,
			2.0099999999999998,
			1.8899999999999999,
			2.0699999999999998,
			2.0699999999999998,
			1.71,
			0.39000000000000001,
			2.25,
			1.1100000000000001,
			1.77,
			0.92999999999999994,
			0.0,
			1.29,
			1.8300000000000001,
			1.1700000000000002,
			0.27000000000000002,
			1.47,
			1.53,
			1.1100000000000001,
			1.8300000000000001,
			1.29,
			1.5900000000000001,
			1.77,
			2.25,
			1.95,
			2.0699999999999998,
			2.0099999999999998,
			1.4099999999999999,
			2.25,
			1.6500000000000001,
			0.27000000000000002,
			0.56999999999999995,
			2.0099999999999998,
			0.80999999999999994,
			0.51000000000000001,
			1.6500000000000001,
			2.4299999999999997,
			2.4299999999999997,
			1.1100000000000001,
			1.53,
			2.3699999999999997,
			0.44999999999999996,
			0.92999999999999994
		],
		[
			0.74999999999999989,
			1.4099999999999999,
			0.27000000000000002,
			0.14999999999999999,
			0.44999999999999996,
			0.32999999999999996,
			0.27000000000000002,
			0.27000000000000002,
			0.27000000000000002,
			0.68999999999999995,
			1.71,
			1.53,
			1.77,
			0.0,
			0.32999999999999996,
			1.23,
			0.51000000000000001,
			0.27000000000000002,
			0.39000000000000001,
			1.3500000000000001,
			0.20999999999999999,
			0.39000000000000001,
			0.32999999999999996,
			0.92999999999999994,
			1.4099999999999999,
			0.14999999999999999,
			1.1700000000000002,
			0.44999999999999996,
			0.20999999999999999,
			0.87,
			0.51000000000000001,
			0.32999999999999996,
			0.20999999999999999,
			0.39000000000000001,
			0.39000000000000001,
			0.14999999999999999,
			1.47,
			0.56999999999999995,
			0.74999999999999989,
			0.0,
			0.92999999999999994,
			1.77,
			0.56999999999999995,
			0.14999999999999999,
			0.68999999999999995,
			1.5900000000000001,
			0.39000000000000001,
			0.32999999999999996,
			0.74999999999999989,
			0.14999999999999999,
			0.56999999999999995,
			0.27000000000000002,
			0.0,
			0.56999999999999995,
			0.27000000000000002,
			0.39000000000000001,
			0.32999999999999996,
			0.44999999999999996,
			0.56999999999999995,
			0.20999999999999999,
			1.5900000000000001,
			1.29,
			0.32999999999999996,
			1.05,
			1.3500000000000001,
			0.20999999999999999,
			0.74999999999999989,
			0.74999999999999989,
			0.74999999999999989,
			0.32999999999999996,
			0.68999999999999995,
			1.4099999999999999,
			0.92999999999999994
		],
		[
			0.98999999999999988,
			1.1700000000000002,
			0.14999999999999999,
			0.39000000000000001,
			0.20999999999999999,
			0.56999999999999995,
			0.51000000000000001,
			0.14999999999999999,
			0.14999999999999999,
			0.92999999999999994,
			1.47,
			1.29,
			1.53,
			0.32999999999999996,
			0.0,
			0.98999999999999988,
			0.74999999999999989,
			0.14999999999999999,
			0.14999999999999999,
			1.1100000000000001,
			0.44999999999999996,
			0.63,
			0.0,
			0.68999999999999995,
			1.1700000000000002,
			0.27000000000000002,
			0.92999999999999994,
			0.20999999999999999,
			0.44999999999999996,
			0.63,
			0.74999999999999989,
			0.56999999999999995,
			0.44999999999999996,
			0.63,
			0.63,
			0.27000000000000002,
			1.23,
			0.80999999999999994,
			0.51000000000000001,
			0.32999999999999996,
			0.68999999999999995,
			1.53,
			0.32999999999999996,
			0.39000000000000001,
			0.44999999999999996,
			1.3500000000000001,
			0.14999999999999999,
			0.0,
			0.51000000000000001,
			0.39000000000000001,
			0.32999999999999996,
			0.14999999999999999,
			0.32999999999999996,
			0.80999999999999994,
			0.51000000000000001,
			0.63,
			0.56999999999999995,
			0.20999999999999999,
			0.80999999999999994,
			0.20999999999999999,
			1.3500000000000001,
			1.05,
			0.56999999999999995,
			0.80999999999999994,
			1.1100000000000001,
			0.20999999999999999,
			0.98999999999999988,
			0.98999999999999988,
			0.51000000000000001,
			0.0,
			0.92999999999999994,
			1.1700000000000002,
			0.68999999999999995
		],
		[
			1.8899999999999999,
			0.27000000000000002,
			1.05,
			1.29,
			0.87,
			1.47,
			1.4099999999999999,
			1.05,
			1.05,
			1.8300000000000001,
			0.56999999999999995,
			0.39000000000000001,
			0.63,
			1.23,
			0.98999999999999988,
			0.0,
			1.6500000000000001,
			1.05,
			0.92999999999999994,
			0.20999999999999999,
			1.3500000000000001,
			1.53,
			0.98999999999999988,
			0.39000000000000001,
			0.27000000000000002,
			1.1700000000000002,
			0.14999999999999999,
			0.87,
			1.3500000000000001,
			0.44999999999999996,
			1.6500000000000001,
			1.47,
			1.3500000000000001,
			1.53,
			1.53,
			1.1700000000000002,
			0.32999999999999996,
			1.71,
			0.56999999999999995,
			1.23,
			0.39000000000000001,
			0.63,
			0.74999999999999989,
			1.29,
			0.63,
			0.44999999999999996,
			0.92999999999999994,
			0.98999999999999988,
			0.56999999999999995,
			1.29,
			0.74999999999999989,
			1.05,
			1.23,
			1.71,
			1.4099999999999999,
			1.53,
			1.47,
			0.87,
			1.71,
			1.1100000000000001,
			0.44999999999999996,
			0.14999999999999999,
			1.47,
			0.27000000000000002,
			0.20999999999999999,
			1.1100000000000001,
			1.8899999999999999,
			1.8899999999999999,
			0.56999999999999995,
			0.98999999999999988,
			1.8300000000000001,
			0.27000000000000002,
			0.39000000000000001
		],
		[
			0.32999999999999996,
			1.8300000000000001,
			0.68999999999999995,
			0.44999999999999996,
			0.87,
			0.27000000000000002,
			0.32999999999999996,
			0.68999999999999995,
			0.68999999999999995,
			0.27000000000000002,
			2.1299999999999999,
			1.95,
			2.1899999999999999,
			0.51000000000000001,
			0.74999999999999989,
			1.6500000000000001,
			0.0,
			0.68999999999999995,
			0.80999999999999994,
			1.77,
			0.39000000000000001,
			0.20999999999999999,
			0.74999999999999989,
			1.3500000000000001,
			1.8300000000000001,
			0.56999999999999995,
			1.5900000000000001,
			0.87,
			0.39000000000000001,
			1.29,
			0.0,
			0.27000000000000002,
			0.39000000000000001,
			0.20999999999999999,
			0.20999999999999999,
			0.56999999999999995,
			1.8899999999999999,
			0.14999999999999999,
			1.1700000000000002,
			0.51000000000000001,
			1.3500000000000001,
			2.1899999999999999,
			0.98999999999999988,
			0.44999999999999996,
			1.1100000000000001,
			2.0099999999999998,
			0.80999999999999994,
			0.74999999999999989,
			1.1700000000000002,
			0.44999999999999996,
			0.98999999999999988,
			0.68999999999999995,
			0.51000000000000001,
			0.14999999999999999,
			0.32999999999999996,
			0.20999999999999999,
			0.27000000000000002,
			0.87,
			0.14999999999999999,
			0.63,
			2.0099999999999998,
			1.71,
			0.27000000000000002,
			1.47,
			1.77,
			0.63,
			0.32999999999999996,
			0.32999999999999996,
			1.1700000000000002,
			0.74999999999999989,
			0.27000000000000002,
			1.8300000000000001,
			1.3500000000000001
		],
		[
			0.92999999999999994,
			1.23,
			0.0,
			0.32999999999999996,
			0.27000000000000002,
			0.51000000000000001,
			0.44999999999999996,
			0.0,
			0.0,
			0.87,
			1.53,
			1.3500000000000001,
			1.5900000000000001,
			0.27000000000000002,
			0.14999999999999999,
			1.05,
			0.68999999999999995,
			0.0,
			0.20999999999999999,
			1.1700000000000002,
			0.39000000000000001,
			0.56999999999999995,
			0.14999999999999999,
			0.74999999999999989,
			1.23,
			0.20999999999999999,
			0.98999999999999988,
			0.27000000000000002,
			0.39000000000000001,
			0.68999999999999995,
			0.68999999999999995,
			0.51000000000000001,
			0.39000000000000001,
			0.56999999999999995,
			0.56999999999999995,
			0.20999999999999999,
			1.29,
			0.74999999999999989,
			0.56999999999999995,
